100 2525
2 1 29
4 0 41
4 2 20
5 2 7
5 3 10
6 0 42
6 1 39
6 2 23
6 3 20
7 0 15
7 2 38
7 4 9
7 6 42
8 1 1
8 7 10
8 8 11
9 0 11
9 4 8
9 6 33
9 8 27
10 0 21
10 2 33
10 3 37
10 6 28
10 9 36
10 10 34
11 0 39
11 1 42
11 2 1
11 4 19
11 6 10
11 8 31
11 10 12
12 0 25
12 2 8
12 5 15
12 8 30
13 0 11
13 2 35
13 5 0
13 8 33
13 9 21
13 13 17
14 0 4
14 1 34
14 2 22
14 3 36
14 4 9
14 8 2
14 10 24
15 0 13
15 1 4
15 2 40
15 4 18
15 5 1
15 6 3
15 7 39
15 8 5
15 9 11
15 11 41
15 13 19
15 14 11
16 1 11
16 2 32
16 3 20
16 4 22
16 6 13
16 7 28
16 12 14
16 15 38
17 2 19
17 3 29
17 4 37
17 6 8
17 9 13
17 13 42
17 16 0
18 0 36
18 5 1
18 7 6
18 8 37
18 9 8
18 10 30
18 11 17
18 12 1
18 13 3
18 16 25
18 17 14
18 18 21
19 4 3
19 6 3
19 7 42
19 9 18
19 10 31
19 11 13
19 14 29
19 16 24
19 18 1
20 0 40
20 1 8
20 4 29
20 5 30
20 8 36
20 11 13
20 12 7
20 13 29
20 17 36
20 18 35
20 19 5
21 0 41
21 1 33
21 5 40
21 7 26
21 11 34
21 12 23
21 13 26
21 15 1
21 16 36
21 17 8
21 20 27
21 21 37
22 0 3
22 1 39
22 3 7
22 4 37
22 7 3
22 10 5
22 16 17
22 17 29
22 18 21
22 21 7
23 3 19
23 5 6
23 6 29
23 8 32
23 13 4
23 14 25
23 15 33
23 17 41
23 19 13
23 21 21
23 22 32
24 0 40
24 2 36
24 4 40
24 7 28
24 10 27
24 11 23
24 13 30
24 16 24
24 18 39
24 20 20
24 21 4
24 22 13
24 23 0
25 0 35
25 5 37
25 9 5
25 14 39
25 15 17
25 19 6
25 25 27
26 0 34
26 1 31
26 2 40
26 3 32
26 5 28
26 6 9
26 7 16
26 10 20
26 11 2
26 12 21
26 13 33
26 14 19
26 17 3
26 18 18
26 19 4
26 24 7
26 25 41
27 0 37
27 3 10
27 4 23
27 6 41
27 7 21
27 9 27
27 11 28
27 12 41
27 13 22
27 14 30
27 15 23
27 20 2
27 21 29
27 24 31
28 0 11
28 2 31
28 3 15
28 4 12
28 13 13
28 16 22
28 19 7
28 22 39
28 25 31
28 26 25
28 27 5
29 1 25
29 2 3
29 5 6
29 7 1
29 8 7
29 10 4
29 11 35
29 12 39
29 13 11
29 15 28
29 17 18
29 18 34
29 19 23
29 20 12
29 25 30
29 29 14
30 0 15
30 1 28
30 2 21
30 3 32
30 4 24
30 5 42
30 7 41
30 8 5
30 9 20
30 13 41
30 14 9
30 17 32
30 18 36
30 19 41
30 20 5
30 21 37
30 23 15
30 25 18
30 26 27
30 27 36
31 0 32
31 3 13
31 10 7
31 14 1
31 19 28
31 21 9
31 22 4
31 23 37
31 26 37
31 27 38
31 28 17
31 29 41
31 30 13
32 2 0
32 5 15
32 6 20
32 9 11
32 14 23
32 15 7
32 20 23
32 21 13
32 22 3
32 23 4
32 24 3
32 26 39
32 28 6
32 30 39
33 3 21
33 4 3
33 7 28
33 8 25
33 9 31
33 10 33
33 11 9
33 12 36
33 14 40
33 17 30
33 20 12
33 21 17
33 23 13
33 24 15
33 26 15
33 27 13
33 28 34
33 30 40
33 31 11
34 0 25
34 2 21
34 3 6
34 4 18
34 7 7
34 13 40
34 14 10
34 15 8
34 17 20
34 18 1
34 19 34
34 24 2
34 26 33
34 27 16
34 30 31
34 33 35
35 0 8
35 1 20
35 3 8
35 4 2
35 5 18
35 7 42
35 9 21
35 12 2
35 15 9
35 18 11
35 19 31
35 20 21
35 21 16
35 22 38
35 30 38
35 31 21
35 33 10
36 1 31
36 4 15
36 6 27
36 9 17
36 10 6
36 11 32
36 13 38
36 15 4
36 16 30
36 17 35
36 21 2
36 22 22
36 23 0
36 24 34
36 26 12
36 28 0
36 33 15
36 36 24
37 1 33
37 3 4
37 9 18
37 12 7
37 14 8
37 16 18
37 19 29
37 21 28
37 26 2
37 28 31
37 30 19
37 31 9
37 32 13
37 36 5
38 0 10
38 2 31
38 3 19
38 5 14
38 6 14
38 7 12
38 8 31
38 10 9
38 11 0
38 14 3
38 16 1
38 23 30
38 25 28
38 27 1
38 28 12
38 30 12
38 31 41
38 33 20
38 34 31
38 36 27
38 37 41
38 38 26
39 0 13
39 1 36
39 3 24
39 9 38
39 14 23
39 16 11
39 17 33
39 19 15
39 21 31
39 22 28
39 23 2
39 24 42
39 25 1
39 26 29
39 27 34
39 29 19
39 33 15
39 36 8
39 38 4
40 1 18
40 3 20
40 4 12
40 7 21
40 10 28
40 16 15
40 18 24
40 21 37
40 22 26
40 23 0
40 24 27
40 25 19
40 26 34
40 33 38
40 34 39
40 35 10
40 36 10
40 37 29
40 38 6
40 39 12
41 0 12
41 1 3
41 4 5
41 5 16
41 11 7
41 13 15
41 14 15
41 15 11
41 17 2
41 18 13
41 19 23
41 20 34
41 24 10
41 28 14
41 29 41
41 31 21
41 34 35
41 35 14
41 37 27
41 38 30
42 0 37
42 2 27
42 4 24
42 6 20
42 7 35
42 9 31
42 12 11
42 13 37
42 15 28
42 16 25
42 21 28
42 22 26
42 23 7
42 24 35
42 26 4
42 27 8
42 30 35
42 33 26
42 34 39
42 36 14
42 40 2
42 41 16
42 42 0
43 2 20
43 3 14
43 4 31
43 7 17
43 8 10
43 9 26
43 10 37
43 11 32
43 13 41
43 15 29
43 18 28
43 19 24
43 21 40
43 23 8
43 24 3
43 25 9
43 27 9
43 32 6
43 34 13
43 40 6
43 41 28
43 42 5
44 0 19
44 1 42
44 6 17
44 7 26
44 10 28
44 11 17
44 12 17
44 15 30
44 17 42
44 18 33
44 25 36
44 26 11
44 28 14
44 29 11
44 31 12
44 32 35
44 36 4
44 37 41
44 38 4
44 39 24
44 41 34
44 42 36
44 43 10
45 1 41
45 2 35
45 3 3
45 4 33
45 6 25
45 8 1
45 10 10
45 12 6
45 14 7
45 15 14
45 16 41
45 17 16
45 23 17
45 26 28
45 29 21
45 30 9
45 32 20
45 34 8
45 37 29
45 39 4
45 45 6
46 0 18
46 1 15
46 2 12
46 5 7
46 6 15
46 7 19
46 8 0
46 9 38
46 10 3
46 11 7
46 12 8
46 14 14
46 21 39
46 24 18
46 25 42
46 28 29
46 29 10
46 33 26
46 35 22
46 36 41
46 37 4
46 38 20
46 39 18
46 40 11
46 41 40
46 44 30
47 1 10
47 3 6
47 4 42
47 8 32
47 9 17
47 10 17
47 12 38
47 13 10
47 15 37
47 17 28
47 18 6
47 19 30
47 20 3
47 22 9
47 23 30
47 24 10
47 28 13
47 32 34
47 33 39
47 34 3
47 36 23
47 37 11
47 38 14
47 40 23
47 45 9
47 46 27
47 47 37
48 1 24
48 4 42
48 6 29
48 11 22
48 12 31
48 14 39
48 15 27
48 16 30
48 17 29
48 18 3
48 19 39
48 22 38
48 23 29
48 24 21
48 28 7
48 29 0
48 30 21
48 33 33
48 34 11
48 39 34
48 40 39
48 42 21
48 43 26
48 44 35
48 45 22
48 47 15
48 48 41
49 1 33
49 2 18
49 6 31
49 8 7
49 11 29
49 12 2
49 15 33
49 21 31
49 23 15
49 28 29
49 31 1
49 32 1
49 34 38
49 37 1
49 40 2
49 41 11
49 42 10
49 46 39
49 47 16
50 3 14
50 4 11
50 6 41
50 7 5
50 8 8
50 11 13
50 15 42
50 16 39
50 17 25
50 20 33
50 21 23
50 24 26
50 25 33
50 27 26
50 28 31
50 29 30
50 30 4
50 32 12
50 33 28
50 36 6
50 39 13
50 43 40
50 44 21
50 46 3
50 47 18
51 3 7
51 4 36
51 6 7
51 7 29
51 10 3
51 11 28
51 12 3
51 15 41
51 23 15
51 26 6
51 29 30
51 30 40
51 31 41
51 32 0
51 35 38
51 36 18
51 38 6
51 40 6
51 41 5
51 42 19
51 44 19
51 45 4
51 46 12
51 48 1
51 49 2
52 1 9
52 5 9
52 6 30
52 7 18
52 8 13
52 11 22
52 12 2
52 14 17
52 16 27
52 17 35
52 18 10
52 20 19
52 22 8
52 24 37
52 26 41
52 28 35
52 30 29
52 32 36
52 33 38
52 34 7
52 36 14
52 37 8
52 38 13
52 44 34
52 46 41
52 48 21
52 52 41
53 0 28
53 2 22
53 3 1
53 4 7
53 8 18
53 12 4
53 13 7
53 17 22
53 18 2
53 20 34
53 21 18
53 23 5
53 26 7
53 27 1
53 28 28
53 29 1
53 30 7
53 33 34
53 34 22
53 36 29
53 39 24
53 41 12
53 45 36
53 47 0
53 48 7
53 49 3
53 50 42
54 0 18
54 1 24
54 3 25
54 4 22
54 5 42
54 6 41
54 8 32
54 9 38
54 10 33
54 11 0
54 18 34
54 19 33
54 21 10
54 25 23
54 26 30
54 29 21
54 30 35
54 31 40
54 34 26
54 36 0
54 38 28
54 39 30
54 41 9
54 43 14
54 44 23
54 48 11
54 50 29
54 51 34
54 52 27
54 53 20
54 54 6
55 2 25
55 3 28
55 5 13
55 7 12
55 9 7
55 13 28
55 14 24
55 15 18
55 17 16
55 21 42
55 22 23
55 24 6
55 29 24
55 32 16
55 34 13
55 36 9
55 38 17
55 40 40
55 41 24
55 44 21
55 46 5
55 47 40
55 48 5
55 51 30
55 55 16
56 6 17
56 7 14
56 9 1
56 10 0
56 15 2
56 16 7
56 17 20
56 18 38
56 20 29
56 24 24
56 27 42
56 28 38
56 29 16
56 30 13
56 31 37
56 32 18
56 38 20
56 39 20
56 40 16
56 41 15
56 42 7
56 44 10
56 45 34
56 46 14
56 47 36
56 48 24
56 52 30
56 53 1
56 54 14
56 56 0
57 2 36
57 4 15
57 6 31
57 10 3
57 16 35
57 17 4
57 18 14
57 19 14
57 21 28
57 23 12
57 24 12
57 25 15
57 32 14
57 34 19
57 39 4
57 41 33
57 42 7
57 43 6
57 44 29
57 45 35
57 48 39
57 51 3
57 55 4
57 56 33
57 57 1
58 0 33
58 1 13
58 2 0
58 5 6
58 8 18
58 9 37
58 12 25
58 18 27
58 20 5
58 21 2
58 23 2
58 24 20
58 27 25
58 28 42
58 31 18
58 32 13
58 33 21
58 34 4
58 35 42
58 36 11
58 37 1
58 40 39
58 41 4
58 43 13
58 45 29
58 46 4
58 48 39
58 49 38
58 51 0
58 53 26
58 54 10
58 55 35
59 0 10
59 1 39
59 2 28
59 5 32
59 6 40
59 8 33
59 9 29
59 10 41
59 16 31
59 19 35
59 21 26
59 22 25
59 25 20
59 26 3
59 27 8
59 28 19
59 32 28
59 34 38
59 35 21
59 40 5
59 41 40
59 42 23
59 44 32
59 45 15
59 46 32
59 48 14
59 49 19
59 50 28
59 51 28
59 53 3
59 54 12
59 55 14
59 56 18
60 0 19
60 3 20
60 6 17
60 7 18
60 8 6
60 9 6
60 11 14
60 12 26
60 15 9
60 16 38
60 17 27
60 18 9
60 19 40
60 20 7
60 21 5
60 24 41
60 25 25
60 26 8
60 27 32
60 28 17
60 29 28
60 32 37
60 35 10
60 38 42
60 40 27
60 46 13
60 47 12
60 48 3
60 49 1
60 50 26
60 51 30
60 52 14
60 55 9
60 57 6
60 59 20
60 60 6
61 0 11
61 1 29
61 5 6
61 7 4
61 8 40
61 10 22
61 11 30
61 13 1
61 14 33
61 21 36
61 22 37
61 23 40
61 26 14
61 29 12
61 30 30
61 32 1
61 33 14
61 34 29
61 39 40
61 41 8
61 42 42
61 44 4
61 45 37
61 51 26
61 53 12
61 59 32
62 0 12
62 2 40
62 3 29
62 4 32
62 6 11
62 8 37
62 9 2
62 11 29
62 12 36
62 14 8
62 19 37
62 22 30
62 24 23
62 25 13
62 27 27
62 29 10
62 31 7
62 34 1
62 35 16
62 37 0
62 38 1
62 41 14
62 43 19
62 44 11
62 46 23
62 48 34
62 54 28
62 55 8
62 56 4
62 58 5
62 59 17
62 60 13
62 61 37
63 2 36
63 4 15
63 7 4
63 11 35
63 13 31
63 14 40
63 15 13
63 17 28
63 20 38
63 21 39
63 22 16
63 25 22
63 26 12
63 28 41
63 33 30
63 34 16
63 35 28
63 41 17
63 43 24
63 46 16
63 54 25
63 56 15
63 57 35
63 58 25
63 61 4
63 62 26
63 63 29
64 1 20
64 4 6
64 5 23
64 7 7
64 9 11
64 14 21
64 17 16
64 18 11
64 20 1
64 21 31
64 24 0
64 25 39
64 26 40
64 30 3
64 32 34
64 33 30
64 35 0
64 37 36
64 38 22
64 39 22
64 40 39
64 42 0
64 44 8
64 45 1
64 47 31
64 50 41
64 57 18
64 58 9
64 59 39
64 60 19
64 61 16
64 62 5
64 63 16
65 0 17
65 1 10
65 3 12
65 4 24
65 6 4
65 7 32
65 8 13
65 11 4
65 12 39
65 13 31
65 14 34
65 18 9
65 20 24
65 22 40
65 24 37
65 26 14
65 27 35
65 34 18
65 41 6
65 43 16
65 45 15
65 47 9
65 49 21
65 50 26
65 52 16
65 54 20
65 56 11
65 57 41
65 59 8
65 60 15
65 62 26
65 63 21
65 64 15
65 65 35
66 2 6
66 3 22
66 5 13
66 6 13
66 7 38
66 8 41
66 10 41
66 11 13
66 12 34
66 13 24
66 15 15
66 16 22
66 17 7
66 21 26
66 23 35
66 26 36
66 39 12
66 40 39
66 41 1
66 42 10
66 45 35
66 46 18
66 48 35
66 50 36
66 53 30
66 54 35
66 55 38
66 57 14
66 60 23
66 63 23
66 64 38
66 66 3
67 0 30
67 1 40
67 6 8
67 8 2
67 10 6
67 12 34
67 13 15
67 14 11
67 15 41
67 17 9
67 18 19
67 19 17
67 20 30
67 21 38
67 25 24
67 26 37
67 27 25
67 28 31
67 29 0
67 30 16
67 31 40
67 33 0
67 35 9
67 38 19
67 40 27
67 43 33
67 44 16
67 45 13
67 48 7
67 50 28
67 52 4
67 53 27
67 54 14
67 56 29
67 58 25
67 60 12
67 61 26
67 62 12
67 65 41
68 5 14
68 6 4
68 7 33
68 8 11
68 12 8
68 15 28
68 16 27
68 17 22
68 18 8
68 22 28
68 23 27
68 26 37
68 29 9
68 33 25
68 36 35
68 37 41
68 39 42
68 41 35
68 42 31
68 44 23
68 45 15
68 46 8
68 47 18
68 48 6
68 50 3
68 51 42
68 53 33
68 54 34
68 56 41
68 57 30
68 58 40
68 62 23
68 63 4
68 64 22
68 66 1
69 0 40
69 1 40
69 8 37
69 10 21
69 11 21
69 13 38
69 14 25
69 15 5
69 16 13
69 17 12
69 19 30
69 20 15
69 22 1
69 23 40
69 24 32
69 25 6
69 26 11
69 34 16
69 35 30
69 36 10
69 37 10
69 38 35
69 39 31
69 41 32
69 47 35
69 48 21
69 53 38
69 55 7
69 56 31
69 57 36
69 59 2
69 61 34
69 62 5
69 67 16
69 68 8
69 69 41
70 0 5
70 4 28
70 5 8
70 6 25
70 7 14
70 10 36
70 14 11
70 15 42
70 17 0
70 29 10
70 31 42
70 33 4
70 35 11
70 36 29
70 41 5
70 42 41
70 43 23
70 47 11
70 49 30
70 51 17
70 54 2
70 55 12
70 58 10
70 59 20
70 61 30
70 62 7
70 63 35
70 64 35
70 69 12
70 70 10
71 1 6
71 2 4
71 6 31
71 8 21
71 12 12
71 14 35
71 17 17
71 18 2
71 20 36
71 25 2
71 26 22
71 27 8
71 29 27
71 31 11
71 33 10
71 36 8
71 37 28
71 40 6
71 41 39
71 42 25
71 49 25
71 50 36
71 52 14
71 53 38
71 54 41
71 59 25
71 60 29
71 62 34
71 63 27
71 65 33
71 66 26
71 69 41
71 70 10
72 0 41
72 2 9
72 3 21
72 5 29
72 9 0
72 11 40
72 12 1
72 16 30
72 17 23
72 20 13
72 24 6
72 25 27
72 26 34
72 27 19
72 28 42
72 33 34
72 34 13
72 35 14
72 36 11
72 39 3
72 40 37
72 41 39
72 47 19
72 48 42
72 49 18
72 51 24
72 52 1
72 55 17
72 57 41
72 60 22
72 63 2
72 65 7
72 66 7
72 70 8
73 0 23
73 1 29
73 2 7
73 3 30
73 4 25
73 5 15
73 6 29
73 11 37
73 12 31
73 14 32
73 15 36
73 16 27
73 17 1
73 19 17
73 22 20
73 23 12
73 25 31
73 26 5
73 27 30
73 30 22
73 32 19
73 33 1
73 35 32
73 38 27
73 39 14
73 41 18
73 43 31
73 45 37
73 46 5
73 48 15
73 49 26
73 50 0
73 52 20
73 54 11
73 55 15
73 57 23
73 59 30
73 61 27
73 63 14
73 64 0
73 66 30
73 67 17
73 72 17
74 1 18
74 3 17
74 5 24
74 9 9
74 11 41
74 12 41
74 13 23
74 14 30
74 22 10
74 23 35
74 25 26
74 28 42
74 29 19
74 31 25
74 32 29
74 34 17
74 35 10
74 41 35
74 42 20
74 45 36
74 50 25
74 53 40
74 54 26
74 55 29
74 58 26
74 60 13
74 65 30
74 66 12
74 67 22
74 68 38
74 69 31
74 70 26
75 0 39
75 1 10
75 4 0
75 5 40
75 6 15
75 9 0
75 12 30
75 14 5
75 15 21
75 16 11
75 21 15
75 24 29
75 27 0
75 28 35
75 29 35
75 30 5
75 33 30
75 35 35
75 37 39
75 40 29
75 43 30
75 46 21
75 47 40
75 53 7
75 54 10
75 59 41
75 64 22
75 65 12
75 67 12
75 70 8
75 71 11
75 73 7
75 74 3
76 2 8
76 3 16
76 5 16
76 11 14
76 15 25
76 18 17
76 19 11
76 21 9
76 22 25
76 23 2
76 25 10
76 26 16
76 27 39
76 35 10
76 38 41
76 42 19
76 43 13
76 45 35
76 47 25
76 49 26
76 52 34
76 53 17
76 55 36
76 56 8
76 57 7
76 61 17
76 62 10
76 65 14
76 67 2
76 72 21
76 73 23
76 76 8
77 4 32
77 5 36
77 7 18
77 9 9
77 10 37
77 11 5
77 12 13
77 13 21
77 17 19
77 22 31
77 23 30
77 24 25
77 25 19
77 29 3
77 30 38
77 33 25
77 34 12
77 35 36
77 36 23
77 37 1
77 38 23
77 41 40
77 43 33
77 44 28
77 46 18
77 48 36
77 51 4
77 52 32
77 57 17
77 63 14
77 65 10
77 66 31
77 67 19
77 68 22
77 69 2
77 72 2
77 73 18
77 74 11
77 75 40
77 76 32
78 0 13
78 1 24
78 3 40
78 5 35
78 6 19
78 7 33
78 8 37
78 11 2
78 12 41
78 15 21
78 18 12
78 20 30
78 23 25
78 24 20
78 26 32
78 27 10
78 28 0
78 29 20
78 30 41
78 33 17
78 34 42
78 36 42
78 37 35
78 40 19
78 41 8
78 42 11
78 43 1
78 44 25
78 45 3
78 46 25
78 47 3
78 54 23
78 55 12
78 57 10
78 58 2
78 60 27
78 62 27
78 64 4
78 65 5
78 66 17
78 68 12
78 69 30
78 73 3
78 74 28
78 75 22
78 77 1
78 78 34
79 3 17
79 4 1
79 5 18
79 8 7
79 10 14
79 15 6
79 18 14
79 19 8
79 21 36
79 22 12
79 23 17
79 25 25
79 26 9
79 27 0
79 30 4
79 31 29
79 32 32
79 33 19
79 35 39
79 36 11
79 37 33
79 39 7
79 41 6
79 43 31
79 45 1
79 46 34
79 48 24
79 50 32
79 52 42
79 53 10
79 54 40
79 57 24
79 59 7
79 60 11
79 65 7
79 71 32
79 72 11
79 74 40
79 76 10
79 78 4
80 1 10
80 2 39
80 3 41
80 5 32
80 6 10
80 7 36
80 8 19
80 11 36
80 15 36
80 16 38
80 17 19
80 18 17
80 19 20
80 20 15
80 21 6
80 24 33
80 29 0
80 31 16
80 33 25
80 34 3
80 37 35
80 38 8
80 39 40
80 41 1
80 47 20
80 48 4
80 52 16
80 54 27
80 55 5
80 57 12
80 58 6
80 59 35
80 60 3
80 62 39
80 63 17
80 64 31
80 65 42
80 66 13
80 71 13
80 74 42
80 76 38
80 77 35
80 79 3
81 2 7
81 3 29
81 6 6
81 7 12
81 8 28
81 17 19
81 24 22
81 25 42
81 28 19
81 30 22
81 31 0
81 32 36
81 38 5
81 40 29
81 43 25
81 44 28
81 47 30
81 52 19
81 53 41
81 55 17
81 56 15
81 58 30
81 59 24
81 60 21
81 61 9
81 63 7
81 64 2
81 66 7
81 67 29
81 69 8
81 71 7
81 73 34
81 75 23
81 76 37
82 1 31
82 2 20
82 7 34
82 9 31
82 11 9
82 16 24
82 18 22
82 19 17
82 20 5
82 22 24
82 23 15
82 24 35
82 27 24
82 28 36
82 30 11
82 31 37
82 34 2
82 35 33
82 37 19
82 38 18
82 40 0
82 41 29
82 45 11
82 46 6
82 47 29
82 53 13
82 55 18
82 61 41
82 63 22
82 64 16
82 65 27
82 66 20
82 69 33
82 73 41
82 78 12
83 1 41
83 2 8
83 7 32
83 8 7
83 9 35
83 10 41
83 12 17
83 13 30
83 14 28
83 15 41
83 16 34
83 20 6
83 21 35
83 22 0
83 24 35
83 25 15
83 27 28
83 28 23
83 29 4
83 30 3
83 32 22
83 36 6
83 38 8
83 43 2
83 44 15
83 46 1
83 47 35
83 49 40
83 51 21
83 52 27
83 54 3
83 55 34
83 56 12
83 57 24
83 60 7
83 62 38
83 63 28
83 67 6
83 70 42
83 74 10
83 75 7
83 78 24
83 79 12
83 80 41
83 81 1
83 83 29
84 4 13
84 6 8
84 9 41
84 12 26
84 13 5
84 16 15
84 19 25
84 22 14
84 24 18
84 26 17
84 27 12
84 28 17
84 30 11
84 33 16
84 34 40
84 36 31
84 42 10
84 43 18
84 44 14
84 50 22
84 51 38
84 53 39
84 57 38
84 60 22
84 62 13
84 63 39
84 65 20
84 67 14
84 69 42
84 71 25
84 74 39
84 75 41
84 76 24
84 79 9
84 80 35
84 81 42
84 83 10
85 0 16
85 5 5
85 7 32
85 11 42
85 13 18
85 14 34
85 17 9
85 21 42
85 22 7
85 23 12
85 24 38
85 25 40
85 26 18
85 28 30
85 32 34
85 34 20
85 37 39
85 38 6
85 39 28
85 40 16
85 41 26
85 42 26
85 43 22
85 44 22
85 45 35
85 48 24
85 49 5
85 51 40
85 52 1
85 53 17
85 54 7
85 56 25
85 58 27
85 60 6
85 61 6
85 62 3
85 65 1
85 66 22
85 67 21
85 72 1
85 76 36
85 77 26
85 79 14
85 80 33
85 81 15
86 0 30
86 2 18
86 4 24
86 5 2
86 7 31
86 8 3
86 9 1
86 10 33
86 12 37
86 14 42
86 16 17
86 20 4
86 21 9
86 24 26
86 26 36
86 28 12
86 30 32
86 33 16
86 35 22
86 36 19
86 37 18
86 38 39
86 39 1
86 41 0
86 43 21
86 46 28
86 47 4
86 48 27
86 50 7
86 53 28
86 54 10
86 55 8
86 57 24
86 58 12
86 59 5
86 63 10
86 64 3
86 68 31
86 71 35
86 75 3
86 76 2
86 77 6
86 78 7
86 79 21
86 81 41
86 85 40
87 0 38
87 1 28
87 3 1
87 5 5
87 6 7
87 7 38
87 8 16
87 9 14
87 13 21
87 15 25
87 18 24
87 19 30
87 20 34
87 22 25
87 23 32
87 24 13
87 25 4
87 26 8
87 35 28
87 36 8
87 37 32
87 40 31
87 42 36
87 46 2
87 47 15
87 50 37
87 51 32
87 53 25
87 54 32
87 56 16
87 64 21
87 68 3
87 69 27
87 73 42
87 75 42
87 76 21
87 78 30
87 80 38
87 83 24
87 84 28
88 1 13
88 3 40
88 4 1
88 7 6
88 11 13
88 12 42
88 14 32
88 16 6
88 18 24
88 19 16
88 20 25
88 21 35
88 24 25
88 26 38
88 28 34
88 30 29
88 32 24
88 34 12
88 35 9
88 36 22
88 40 13
88 43 21
88 46 37
88 48 4
88 49 25
88 53 37
88 54 9
88 55 24
88 60 23
88 61 3
88 65 25
88 66 17
88 67 31
88 69 2
88 70 27
88 74 11
88 76 12
88 78 5
88 80 37
88 82 10
88 83 27
88 84 10
89 0 39
89 1 7
89 4 31
89 7 27
89 8 38
89 11 11
89 15 1
89 16 9
89 18 36
89 20 37
89 21 10
89 22 23
89 23 13
89 26 31
89 27 38
89 29 30
89 30 7
89 32 17
89 33 3
89 35 4
89 36 30
89 40 37
89 44 3
89 45 2
89 46 27
89 47 36
89 49 36
89 54 39
89 55 32
89 57 36
89 61 19
89 62 15
89 64 6
89 65 6
89 66 20
89 67 16
89 70 11
89 72 15
89 74 28
89 77 37
89 81 19
89 85 13
89 86 3
89 88 31
90 0 15
90 2 20
90 6 25
90 7 34
90 8 18
90 9 28
90 13 40
90 17 20
90 19 3
90 20 15
90 21 15
90 24 26
90 26 12
90 28 20
90 32 38
90 34 26
90 36 32
90 38 0
90 39 30
90 41 13
90 42 20
90 45 31
90 51 12
90 52 40
90 58 34
90 60 13
90 62 0
90 68 5
90 71 5
90 73 42
90 74 9
90 75 41
90 78 35
90 79 22
90 80 8
90 84 25
90 86 4
91 0 29
91 1 4
91 3 35
91 5 28
91 6 22
91 7 24
91 9 0
91 10 7
91 18 38
91 19 40
91 21 11
91 23 35
91 24 39
91 25 37
91 27 36
91 28 11
91 29 26
91 31 3
91 32 41
91 33 2
91 34 20
91 35 2
91 36 5
91 40 24
91 45 19
91 50 32
91 52 26
91 56 23
91 59 14
91 64 30
91 65 38
91 66 33
91 70 32
91 71 2
91 74 5
91 75 40
91 77 21
91 80 9
91 83 34
91 84 6
91 85 42
91 86 31
91 87 34
91 88 42
91 89 24
92 0 37
92 2 24
92 5 15
92 6 24
92 7 33
92 10 16
92 11 37
92 12 19
92 13 31
92 14 35
92 15 33
92 16 13
92 17 19
92 18 14
92 19 22
92 22 20
92 23 10
92 24 26
92 27 19
92 28 42
92 29 32
92 32 24
92 33 33
92 34 21
92 37 12
92 38 16
92 39 5
92 40 27
92 42 32
92 43 16
92 45 32
92 46 21
92 47 2
92 49 12
92 50 15
92 51 0
92 52 9
92 55 30
92 57 10
92 58 38
92 59 42
92 61 20
92 62 17
92 63 30
92 66 1
92 67 13
92 68 32
92 69 23
92 70 27
92 71 26
92 73 17
92 76 4
92 77 38
92 79 18
92 81 36
92 82 2
92 83 41
92 84 14
92 85 14
92 88 40
92 89 16
92 90 4
92 91 11
93 0 7
93 3 40
93 5 23
93 7 30
93 9 40
93 11 13
93 12 38
93 13 3
93 17 6
93 19 8
93 22 41
93 23 27
93 24 11
93 25 33
93 26 7
93 27 37
93 28 41
93 29 36
93 30 29
93 31 10
93 33 26
93 34 7
93 35 28
93 36 1
93 38 18
93 39 25
93 40 29
93 41 36
93 43 35
93 46 22
93 47 28
93 48 38
93 49 5
93 50 38
93 53 22
93 54 8
93 55 2
93 57 15
93 58 22
93 59 3
93 62 36
93 63 4
93 64 7
93 65 20
93 66 5
93 70 36
93 71 21
93 72 3
93 73 24
93 74 31
93 75 16
93 76 20
93 78 25
93 79 7
93 80 19
93 81 28
93 82 16
93 83 17
93 84 10
93 85 34
93 86 35
93 87 42
93 88 6
94 0 12
94 1 7
94 2 12
94 3 6
94 6 16
94 9 36
94 11 0
94 13 0
94 14 4
94 15 38
94 18 11
94 19 41
94 21 36
94 23 37
94 24 2
94 25 12
94 27 15
94 28 7
94 30 39
94 32 4
94 33 24
94 34 23
94 35 39
94 36 3
94 39 32
94 40 17
94 44 0
94 45 10
94 51 14
94 52 9
94 54 39
94 55 42
94 56 9
94 61 8
94 62 11
94 63 1
94 64 36
94 67 27
94 71 2
94 73 38
94 75 25
94 76 19
94 80 33
94 81 31
94 82 11
94 86 20
94 90 21
94 94 9
95 2 24
95 3 21
95 5 36
95 7 8
95 8 20
95 9 39
95 10 12
95 11 30
95 12 30
95 13 37
95 14 25
95 16 12
95 17 18
95 18 8
95 19 25
95 20 29
95 25 31
95 26 35
95 27 19
95 29 16
95 31 15
95 32 21
95 33 18
95 34 37
95 35 40
95 36 11
95 41 4
95 42 34
95 46 25
95 47 35
95 48 12
95 49 31
95 50 17
95 52 18
95 54 27
95 57 1
95 58 8
95 60 17
95 61 18
95 62 37
95 64 39
95 66 0
95 69 17
95 70 10
95 71 30
95 72 31
95 73 30
95 74 16
95 76 12
95 77 39
95 78 38
95 82 31
95 83 16
95 84 30
95 86 29
95 87 26
95 88 1
95 90 15
95 93 1
96 1 0
96 2 18
96 3 18
96 5 35
96 9 30
96 12 5
96 13 34
96 15 35
96 16 29
96 17 3
96 19 7
96 20 42
96 24 7
96 26 27
96 27 2
96 35 31
96 39 30
96 40 2
96 41 2
96 42 31
96 44 36
96 45 10
96 46 12
96 47 20
96 48 7
96 50 17
96 53 5
96 55 14
96 57 17
96 59 14
96 63 32
96 65 31
96 67 21
96 70 34
96 75 36
96 76 39
96 77 12
96 78 35
96 80 14
96 82 20
96 88 21
96 89 34
96 90 3
96 92 11
96 94 38
97 1 25
97 4 28
97 8 15
97 9 39
97 10 23
97 12 27
97 13 21
97 14 23
97 15 23
97 17 22
97 18 5
97 19 3
97 20 18
97 21 14
97 22 33
97 23 42
97 24 6
97 25 14
97 26 36
97 27 9
97 28 30
97 31 7
97 34 16
97 38 5
97 39 8
97 41 12
97 42 34
97 44 39
97 45 16
97 47 11
97 49 32
97 51 40
97 53 20
97 54 1
97 55 1
97 56 9
97 57 37
97 58 36
97 60 0
97 61 9
97 63 29
97 64 40
97 66 30
97 67 11
97 70 13
97 72 28
97 74 9
97 75 10
97 76 38
97 77 34
97 81 29
97 83 6
97 84 0
97 85 23
97 88 34
97 89 35
97 90 39
97 92 7
97 93 6
97 94 22
97 96 6
98 0 40
98 13 25
98 14 19
98 15 7
98 16 8
98 18 8
98 23 0
98 25 26
98 26 19
98 28 10
98 32 29
98 38 29
98 39 11
98 40 19
98 41 0
98 43 29
98 44 17
98 47 23
98 48 31
98 51 18
98 52 21
98 54 10
98 55 7
98 57 15
98 59 8
98 61 21
98 64 5
98 69 28
98 72 29
98 73 3
98 76 25
98 80 33
98 81 33
98 82 25
98 84 26
98 85 25
98 87 11
98 88 28
98 89 1
98 90 20
98 91 20
98 93 5
98 94 22
98 95 36
98 96 29
98 97 9
98 98 0
99 1 32
99 2 20
99 3 42
99 4 1
99 5 29
99 6 3
99 7 16
99 15 38
99 18 6
99 20 15
99 23 2
99 24 19
99 26 26
99 28 24
99 30 3
99 31 13
99 34 34
99 35 7
99 37 9
99 38 21
99 39 6
99 40 22
99 44 28
99 46 14
99 47 23
99 54 20
99 61 28
99 63 35
99 64 41
99 66 5
99 68 27
99 69 32
99 72 36
99 76 13
99 78 24
99 79 2
99 80 6
99 81 38
99 82 31
99 83 8
99 84 26
99 86 35
99 88 42
99 89 25
99 90 34
99 93 2
99 94 33
99 96 14
99 97 23
99 98 27
