100 2525
1 0 18
2 0 15
3 1 34
3 2 37
4 1 6
5 0 30
5 1 28
5 3 19
5 5 16
6 3 33
6 6 14
7 0 24
7 2 17
7 5 14
7 6 6
8 1 8
8 2 26
8 3 20
8 5 27
8 7 22
9 1 4
9 2 15
9 3 37
9 4 12
9 5 11
9 9 28
10 0 3
10 4 32
10 5 16
10 8 40
10 9 28
11 0 25
11 5 37
11 6 31
11 8 37
11 9 27
12 0 18
12 2 5
12 4 11
12 5 19
12 9 13
12 12 15
13 0 1
13 1 12
13 4 20
13 5 8
13 11 32
13 12 11
13 13 26
14 6 40
14 7 8
14 13 23
14 14 38
15 0 18
15 2 29
15 4 18
15 7 41
15 10 19
15 12 18
16 3 8
16 4 35
16 5 15
16 6 39
16 10 5
16 13 40
17 3 34
17 4 26
17 7 2
17 9 8
17 11 7
17 12 36
17 13 31
17 14 42
17 15 38
18 0 37
18 1 25
18 4 37
18 5 9
18 10 35
18 12 14
18 14 37
18 15 42
18 17 3
19 1 33
19 4 20
19 5 14
19 11 6
19 15 16
19 17 0
19 19 25
20 3 22
20 4 34
20 5 8
20 6 27
20 7 27
20 8 3
20 9 17
20 10 19
20 12 12
20 14 3
20 15 7
20 17 20
20 18 22
21 1 7
21 2 28
21 4 15
21 5 13
21 6 30
21 15 15
21 18 5
21 20 1
22 1 41
22 2 1
22 3 38
22 5 42
22 6 5
22 8 29
22 10 35
22 13 37
22 18 6
22 19 34
22 21 41
23 1 9
23 2 42
23 3 41
23 4 23
23 5 36
23 6 3
23 7 18
23 8 7
23 12 42
23 13 17
23 14 17
23 15 29
23 18 17
23 22 3
23 23 6
24 3 31
24 4 34
24 5 12
24 6 10
24 8 1
24 9 35
24 10 18
24 11 32
24 16 15
24 22 37
24 23 36
24 24 6
25 0 30
25 7 33
25 8 41
25 9 38
25 10 4
25 11 41
25 14 39
25 15 12
25 17 32
25 18 20
25 19 12
25 21 35
25 22 36
26 0 1
26 1 23
26 2 17
26 4 27
26 7 38
26 8 0
26 9 1
26 10 10
26 11 37
26 14 9
26 15 20
26 17 36
26 24 40
26 25 17
27 3 42
27 4 3
27 5 29
27 9 21
27 10 24
27 11 10
27 12 22
27 13 22
27 14 30
27 15 18
27 18 36
27 19 17
27 20 17
27 23 7
27 24 22
27 25 26
28 0 19
28 1 20
28 2 36
28 3 27
28 4 33
28 5 27
28 6 22
28 7 14
28 8 0
28 9 33
28 10 10
28 11 19
28 13 26
28 17 34
28 19 7
28 21 2
28 22 9
28 24 35
28 25 28
28 26 35
28 27 39
28 28 23
29 1 3
29 4 37
29 5 25
29 7 42
29 8 6
29 9 36
29 10 28
29 15 9
29 20 22
29 23 11
29 27 21
29 28 9
30 0 20
30 3 32
30 4 34
30 5 37
30 6 30
30 9 32
30 10 12
30 12 35
30 14 5
30 15 14
30 20 35
30 21 8
30 22 5
30 27 5
31 0 18
31 4 5
31 5 8
31 8 9
31 9 21
31 10 4
31 13 6
31 14 20
31 20 28
31 22 19
31 23 9
31 26 41
31 27 41
31 28 21
32 1 3
32 3 0
32 5 4
32 8 24
32 9 38
32 12 18
32 19 18
32 22 35
32 27 34
32 28 40
32 31 0
32 32 18
33 1 16
33 4 8
33 5 13
33 7 31
33 10 27
33 11 24
33 12 0
33 13 12
33 15 21
33 18 9
33 19 16
33 20 39
33 21 32
33 22 0
33 23 16
33 24 17
33 25 5
33 26 2
33 27 0
33 28 10
33 31 34
34 3 17
34 4 32
34 6 5
34 7 5
34 8 3
34 10 13
34 11 20
34 15 8
34 18 33
34 21 26
34 22 6
34 24 8
34 25 1
34 26 14
34 27 21
34 28 29
34 31 32
34 32 3
34 33 13
34 34 5
35 0 40
35 1 5
35 2 5
35 4 9
35 5 34
35 6 13
35 7 19
35 8 25
35 9 14
35 10 35
35 11 1
35 12 37
35 13 12
35 15 18
35 17 38
35 18 37
35 19 30
35 22 17
35 23 4
35 24 0
35 25 26
35 27 20
35 28 40
35 29 23
35 32 13
35 33 12
35 34 28
36 0 10
36 2 23
36 3 0
36 4 4
36 7 21
36 8 42
36 11 32
36 15 27
36 16 21
36 18 0
36 21 34
36 22 7
36 25 29
36 26 19
36 28 11
36 29 24
36 30 36
36 31 24
36 33 2
36 34 28
37 3 40
37 5 19
37 7 29
37 10 24
37 16 27
37 17 15
37 18 34
37 20 4
37 24 40
37 25 8
37 26 24
37 31 4
37 34 19
37 35 4
38 2 25
38 4 9
38 7 28
38 9 34
38 14 21
38 16 38
38 19 38
38 20 29
38 21 32
38 22 25
38 24 21
38 25 13
38 26 33
38 27 26
38 29 34
38 30 36
38 34 10
38 37 42
39 0 16
39 1 16
39 7 5
39 9 36
39 12 8
39 14 3
39 15 39
39 18 25
39 21 38
39 22 23
39 24 2
39 25 8
39 26 5
39 28 17
39 29 4
39 31 24
39 34 24
39 35 37
39 36 10
39 37 33
40 1 32
40 2 23
40 7 23
40 17 30
40 18 37
40 19 33
40 23 3
40 25 22
40 27 6
40 28 17
40 30 35
40 32 17
40 35 26
40 38 7
41 0 30
41 1 9
41 2 18
41 5 14
41 6 27
41 7 33
41 9 38
41 10 8
41 11 25
41 13 9
41 14 6
41 18 30
41 21 14
41 22 40
41 23 21
41 24 5
41 30 13
41 31 14
41 32 6
41 34 12
41 37 32
41 38 7
41 40 28
42 0 5
42 4 23
42 5 37
42 10 32
42 14 38
42 15 20
42 16 41
42 17 32
42 18 23
42 19 23
42 20 13
42 24 25
42 25 38
42 27 16
42 28 18
42 29 8
42 30 25
42 31 38
42 32 7
42 37 42
42 39 30
43 1 10
43 8 21
43 9 23
43 10 40
43 11 18
43 16 34
43 18 31
43 19 24
43 24 29
43 25 10
43 27 7
43 28 15
43 30 19
43 32 1
43 33 27
43 34 22
43 41 33
43 42 16
44 4 2
44 5 21
44 7 38
44 8 7
44 9 30
44 11 3
44 14 19
44 15 5
44 16 4
44 17 36
44 18 33
44 22 19
44 26 2
44 27 2
44 28 28
44 30 1
44 31 5
44 32 42
44 33 26
44 34 14
44 37 34
44 38 22
44 40 2
44 41 34
45 0 24
45 2 2
45 4 18
45 5 15
45 7 0
45 8 15
45 10 3
45 12 12
45 13 40
45 17 16
45 20 13
45 21 41
45 23 1
45 25 12
45 26 16
45 28 24
45 29 7
45 30 33
45 31 6
45 37 20
45 38 4
45 39 28
45 40 25
45 41 39
45 43 14
45 44 17
46 0 24
46 1 2
46 3 11
46 4 8
46 5 17
46 6 37
46 9 20
46 10 27
46 11 32
46 12 38
46 13 5
46 19 19
46 20 23
46 21 34
46 22 37
46 25 1
46 32 5
46 33 36
46 40 15
47 1 42
47 5 32
47 7 34
47 9 38
47 10 3
47 12 16
47 14 19
47 18 24
47 21 21
47 22 0
47 23 3
47 25 36
47 29 27
47 30 19
47 31 10
47 33 9
47 34 21
47 35 20
47 36 38
47 37 4
47 38 25
47 40 9
47 41 15
47 42 39
47 44 22
47 47 2
48 2 0
48 3 19
48 4 16
48 9 16
48 10 3
48 11 19
48 12 22
48 13 20
48 15 1
48 16 19
48 19 23
48 26 15
48 27 16
48 29 4
48 31 40
48 34 14
48 35 42
48 36 18
48 39 27
48 40 10
48 42 4
48 43 42
48 45 1
48 47 16
48 48 13
49 0 6
49 3 33
49 6 0
49 8 12
49 9 19
49 10 2
49 15 27
49 16 16
49 17 7
49 20 9
49 21 21
49 23 7
49 24 20
49 28 30
49 33 18
49 37 20
49 39 23
49 40 31
49 41 8
49 43 30
49 44 21
49 45 10
49 48 30
49 49 42
50 0 6
50 3 12
50 4 13
50 6 8
50 7 20
50 8 13
50 10 5
50 14 11
50 16 26
50 20 9
50 21 34
50 22 6
50 24 37
50 25 39
50 27 39
50 28 34
50 29 19
50 30 7
50 31 2
50 32 1
50 33 14
50 37 10
50 40 35
50 41 19
50 42 24
50 43 26
51 0 24
51 2 4
51 3 42
51 4 31
51 5 13
51 7 29
51 10 26
51 16 40
51 18 1
51 21 2
51 22 23
51 23 18
51 24 29
51 27 0
51 29 4
51 30 29
51 33 21
51 34 6
51 36 42
51 37 28
51 38 21
51 44 15
51 45 41
51 46 5
51 48 34
52 1 15
52 2 34
52 6 36
52 15 40
52 19 3
52 21 4
52 24 6
52 25 32
52 28 24
52 29 1
52 37 31
52 41 24
52 43 16
52 44 4
52 50 27
52 51 32
53 1 8
53 2 36
53 4 22
53 5 15
53 6 24
53 7 24
53 8 34
53 10 19
53 12 12
53 16 19
53 17 12
53 18 39
53 19 34
53 21 31
53 25 35
53 30 41
53 31 14
53 38 3
53 40 14
53 41 23
53 45 20
53 46 6
53 47 29
53 48 27
53 49 9
53 51 24
53 52 21
54 0 28
54 1 9
54 6 20
54 8 24
54 9 42
54 10 8
54 11 26
54 13 31
54 14 26
54 16 24
54 21 18
54 25 5
54 26 23
54 28 1
54 31 31
54 32 5
54 34 29
54 35 25
54 36 23
54 37 32
54 42 17
54 43 0
54 44 18
54 46 38
54 47 8
54 48 41
54 50 16
54 52 33
54 53 0
54 54 7
55 1 24
55 4 20
55 5 18
55 7 9
55 8 29
55 9 13
55 13 22
55 14 21
55 15 35
55 16 27
55 17 16
55 19 30
55 22 33
55 23 28
55 35 5
55 36 25
55 44 26
55 46 7
55 49 32
55 51 36
55 54 21
56 1 14
56 2 12
56 6 39
56 8 13
56 9 10
56 10 23
56 12 35
56 13 21
56 14 38
56 16 13
56 17 34
56 19 18
56 20 17
56 21 4
56 26 38
56 27 20
56 32 16
56 34 2
56 37 13
56 39 41
56 41 21
56 42 14
56 44 16
56 45 40
56 46 33
56 50 16
56 53 40
56 55 14
57 0 28
57 3 12
57 4 35
57 8 41
57 12 41
57 14 42
57 16 15
57 17 24
57 23 39
57 27 37
57 28 16
57 29 39
57 30 12
57 33 20
57 35 14
57 37 41
57 38 38
57 39 11
57 40 30
57 44 2
57 45 16
57 47 20
57 50 32
57 51 12
57 53 31
57 54 37
57 55 31
57 56 26
58 0 35
58 1 2
58 2 17
58 3 7
58 8 25
58 9 28
58 10 7
58 14 30
58 15 3
58 17 0
58 19 6
58 21 40
58 22 32
58 23 16
58 24 3
58 25 0
58 26 16
58 28 28
58 30 42
58 31 34
58 35 5
58 36 13
58 39 14
58 40 1
58 42 15
58 43 7
58 44 30
58 47 35
58 48 32
58 51 16
58 53 23
58 55 36
58 56 33
58 57 31
58 58 4
59 0 34
59 1 25
59 3 2
59 4 0
59 9 38
59 12 0
59 13 37
59 14 1
59 16 16
59 17 16
59 18 35
59 21 30
59 22 40
59 25 42
59 26 7
59 27 10
59 31 7
59 32 17
59 34 42
59 37 37
59 38 41
59 40 35
59 41 11
59 42 37
59 43 28
59 44 15
59 45 30
59 46 41
59 47 27
59 48 22
59 49 8
59 51 25
59 54 25
59 55 25
59 57 38
60 2 41
60 3 35
60 6 14
60 8 16
60 9 27
60 13 11
60 14 23
60 15 5
60 17 15
60 18 19
60 20 17
60 21 19
60 24 13
60 25 20
60 26 29
60 27 40
60 28 13
60 29 40
60 32 37
60 33 24
60 34 3
60 38 22
60 40 25
60 41 25
60 44 12
60 52 12
60 56 6
60 57 37
60 58 20
60 59 1
61 1 14
61 2 31
61 3 7
61 5 12
61 6 23
61 7 1
61 8 26
61 12 14
61 15 12
61 16 7
61 19 15
61 22 6
61 23 37
61 25 12
61 29 17
61 31 25
61 35 38
61 41 1
61 42 21
61 43 14
61 46 21
61 48 24
61 49 2
61 50 10
61 52 1
61 56 18
61 57 33
61 59 38
61 61 5
62 1 3
62 3 26
62 4 30
62 5 35
62 6 12
62 7 36
62 9 29
62 10 31
62 11 15
62 12 11
62 15 34
62 18 5
62 19 14
62 20 5
62 21 13
62 23 31
62 24 1
62 27 28
62 29 39
62 35 37
62 37 6
62 38 1
62 40 33
62 41 34
62 43 0
62 44 19
62 49 21
62 52 8
62 53 26
62 54 38
62 56 39
62 58 27
62 59 12
62 61 8
62 62 25
63 0 1
63 2 33
63 4 35
63 5 11
63 6 35
63 9 30
63 10 6
63 13 32
63 14 10
63 16 10
63 17 6
63 18 30
63 19 26
63 20 29
63 21 22
63 22 2
63 23 3
63 24 24
63 26 39
63 27 8
63 30 23
63 31 29
63 34 38
63 35 2
63 36 34
63 37 36
63 38 6
63 40 17
63 42 39
63 44 5
63 45 26
63 46 1
63 51 30
63 52 35
63 54 42
63 56 14
63 62 14
64 0 24
64 2 2
64 3 12
64 4 7
64 6 13
64 10 39
64 13 13
64 14 18
64 15 17
64 18 29
64 20 33
64 22 34
64 23 24
64 25 18
64 27 1
64 30 17
64 32 25
64 33 21
64 34 25
64 35 20
64 36 18
64 37 13
64 39 37
64 40 26
64 41 4
64 42 11
64 46 11
64 48 28
64 49 16
64 50 38
64 54 2
64 55 4
64 56 38
64 57 34
64 60 16
64 62 13
64 63 5
64 64 13
65 0 9
65 1 19
65 3 16
65 4 8
65 6 29
65 10 6
65 13 1
65 14 14
65 15 15
65 16 1
65 17 11
65 22 25
65 24 21
65 25 19
65 27 12
65 31 17
65 32 11
65 34 31
65 36 16
65 38 1
65 39 33
65 40 16
65 41 20
65 42 42
65 43 18
65 44 19
65 46 32
65 47 35
65 48 22
65 50 21
65 51 9
65 57 36
65 58 6
65 61 27
65 63 27
65 64 39
65 65 30
66 3 22
66 7 9
66 8 13
66 12 28
66 17 37
66 18 16
66 21 23
66 22 16
66 24 30
66 25 18
66 26 19
66 27 25
66 28 30
66 29 20
66 30 1
66 32 35
66 34 21
66 37 40
66 38 7
66 39 35
66 43 4
66 44 34
66 45 10
66 47 12
66 48 20
66 49 19
66 50 23
66 52 20
66 53 0
66 54 42
66 55 4
66 56 14
66 57 3
66 58 5
66 62 12
66 65 1
66 66 16
67 4 34
67 6 2
67 9 42
67 12 37
67 14 36
67 20 34
67 21 3
67 24 32
67 26 15
67 27 22
67 30 31
67 35 38
67 39 42
67 43 9
67 44 42
67 46 30
67 47 21
67 48 39
67 49 27
67 56 23
67 57 25
67 60 8
67 61 0
67 62 38
67 65 32
67 67 19
68 0 24
68 1 10
68 2 13
68 6 38
68 7 14
68 8 25
68 10 0
68 11 7
68 12 16
68 14 33
68 15 0
68 17 29
68 18 31
68 20 14
68 22 12
68 23 18
68 24 27
68 27 11
68 31 42
68 32 19
68 35 36
68 38 13
68 43 18
68 44 26
68 46 32
68 47 34
68 49 18
68 51 32
68 53 30
68 56 14
68 57 42
68 58 35
68 60 11
68 61 28
68 63 26
68 65 7
68 66 36
68 67 29
69 0 21
69 2 19
69 4 11
69 7 3
69 8 28
69 9 6
69 12 20
69 13 13
69 15 18
69 16 34
69 21 27
69 22 11
69 27 28
69 29 2
69 32 18
69 33 35
69 34 18
69 36 1
69 37 39
69 39 2
69 41 27
69 42 11
69 49 35
69 52 0
69 53 11
69 54 40
69 56 19
69 57 33
69 60 35
69 63 22
69 65 26
69 66 8
69 67 24
70 1 31
70 3 18
70 4 30
70 5 3
70 6 31
70 8 30
70 10 15
70 13 32
70 18 40
70 21 14
70 22 19
70 23 31
70 24 19
70 25 30
70 27 32
70 29 22
70 30 21
70 31 5
70 32 7
70 35 1
70 37 18
70 39 42
70 40 34
70 41 8
70 42 6
70 43 38
70 44 37
70 45 25
70 48 12
70 53 19
70 54 31
70 55 23
70 58 16
70 59 6
70 60 27
70 62 5
70 63 9
70 64 23
70 65 29
70 67 3
70 68 32
71 0 8
71 2 26
71 4 42
71 5 24
71 8 36
71 9 9
71 10 42
71 12 40
71 13 27
71 14 19
71 15 39
71 17 0
71 19 16
71 20 31
71 26 5
71 27 37
71 28 33
71 29 31
71 30 41
71 31 39
71 34 27
71 35 22
71 36 35
71 38 31
71 39 42
71 40 30
71 41 21
71 42 13
71 43 5
71 44 10
71 46 31
71 50 0
71 51 42
71 52 32
71 53 11
71 55 26
71 56 42
71 57 33
71 59 13
71 60 8
71 61 16
71 62 9
71 65 31
71 68 27
71 69 40
71 70 2
71 71 41
72 0 23
72 3 37
72 4 42
72 5 42
72 7 41
72 8 6
72 10 31
72 11 19
72 13 29
72 17 34
72 19 11
72 21 11
72 22 12
72 23 34
72 24 1
72 26 40
72 28 10
72 29 0
72 31 19
72 32 0
72 33 0
72 35 15
72 37 35
72 41 9
72 43 4
72 44 36
72 45 25
72 48 1
72 49 20
72 50 32
72 51 33
72 52 38
72 53 41
72 55 20
72 56 30
72 58 19
72 59 7
72 60 37
72 64 22
72 65 33
72 67 35
72 68 42
72 69 0
72 72 0
73 3 32
73 7 13
73 8 31
73 11 19
73 13 24
73 18 38
73 20 24
73 21 41
73 24 13
73 26 26
73 28 35
73 30 17
73 31 33
73 32 31
73 33 28
73 34 20
73 36 5
73 38 15
73 39 29
73 41 11
73 44 30
73 47 32
73 50 29
73 53 33
73 55 25
73 57 27
73 58 7
73 61 19
73 63 27
73 67 33
73 68 8
73 70 16
74 5 41
74 7 22
74 8 10
74 10 6
74 12 23
74 17 10
74 18 24
74 19 30
74 20 8
74 21 1
74 22 13
74 24 32
74 25 5
74 26 17
74 30 19
74 33 3
74 38 6
74 40 14
74 41 40
74 44 11
74 45 3
74 46 9
74 49 29
74 51 27
74 52 26
74 53 4
74 54 40
74 57 2
74 66 1
74 68 6
74 71 8
74 72 2
74 73 20
75 1 40
75 4 22
75 5 18
75 6 37
75 15 6
75 19 34
75 22 13
75 24 4
75 26 22
75 27 16
75 28 8
75 32 34
75 34 29
75 36 29
75 37 27
75 40 5
75 42 16
75 43 2
75 44 14
75 46 10
75 49 36
75 50 4
75 51 5
75 52 40
75 55 22
75 57 30
75 62 0
75 63 36
75 64 3
75 65 21
75 66 20
75 71 4
75 72 25
75 73 22
75 75 28
76 1 29
76 5 20
76 7 7
76 8 5
76 12 40
76 13 38
76 14 33
76 16 13
76 17 1
76 19 23
76 20 25
76 21 11
76 24 14
76 26 18
76 29 13
76 30 1
76 32 33
76 34 5
76 38 25
76 39 39
76 40 25
76 41 22
76 43 7
76 46 37
76 48 4
76 49 20
76 52 41
76 56 33
76 58 28
76 62 29
76 64 29
76 67 42
76 68 39
76 69 22
76 70 5
76 71 1
76 74 27
76 75 37
77 5 10
77 6 19
77 7 30
77 9 25
77 12 31
77 13 2
77 15 33
77 17 32
77 18 36
77 21 29
77 23 0
77 24 1
77 28 23
77 30 17
77 32 41
77 36 33
77 37 31
77 38 21
77 40 26
77 44 41
77 45 12
77 47 5
77 52 38
77 55 25
77 56 2
77 63 3
77 65 6
77 66 2
77 67 7
77 68 41
77 69 15
77 72 6
77 73 39
77 74 41
77 75 36
77 76 25
78 5 7
78 7 36
78 8 2
78 11 21
78 15 21
78 17 29
78 18 18
78 19 32
78 20 28
78 25 11
78 31 21
78 32 28
78 33 4
78 36 7
78 37 36
78 38 10
78 39 34
78 42 30
78 44 39
78 45 25
78 46 35
78 47 3
78 48 40
78 49 34
78 51 14
78 52 2
78 53 18
78 57 19
78 60 17
78 62 25
78 63 21
78 65 8
78 67 0
78 68 23
78 71 0
78 74 39
79 1 41
79 3 33
79 6 5
79 7 4
79 9 27
79 10 34
79 11 20
79 13 0
79 14 18
79 16 42
79 17 17
79 18 19
79 19 34
79 20 23
79 23 18
79 24 32
79 25 2
79 30 0
79 33 40
79 34 22
79 36 20
79 39 16
79 40 6
79 41 31
79 42 42
79 43 28
79 45 16
79 46 28
79 47 19
79 48 36
79 50 42
79 51 19
79 55 39
79 57 38
79 59 10
79 60 26
79 62 33
79 63 17
79 64 25
79 66 16
79 67 17
79 69 39
79 71 5
79 72 18
79 75 37
79 77 2
79 79 15
80 0 35
80 2 22
80 4 24
80 6 36
80 9 37
80 11 36
80 14 28
80 16 7
80 17 3
80 18 9
80 20 20
80 21 11
80 22 22
80 26 14
80 27 29
80 29 14
80 30 13
80 31 9
80 33 20
80 36 6
80 38 40
80 47 13
80 49 18
80 50 1
80 53 23
80 57 15
80 58 7
80 59 19
80 62 3
80 66 38
80 68 12
80 69 25
80 70 42
80 71 42
80 72 25
80 74 6
80 76 42
80 79 25
81 0 11
81 3 0
81 4 10
81 5 14
81 11 7
81 14 27
81 17 10
81 18 39
81 19 41
81 21 3
81 22 17
81 23 20
81 28 5
81 29 23
81 30 33
81 32 17
81 33 9
81 36 31
81 37 20
81 40 26
81 41 34
81 42 7
81 46 19
81 47 19
81 50 14
81 56 29
81 57 37
81 58 33
81 59 6
81 60 3
81 65 31
81 66 41
81 68 32
81 70 15
81 74 27
81 80 42
82 1 42
82 3 18
82 8 19
82 9 10
82 10 34
82 12 36
82 15 31
82 16 19
82 20 33
82 23 38
82 24 15
82 27 20
82 29 30
82 30 16
82 33 6
82 34 13
82 35 18
82 36 19
82 39 7
82 43 25
82 46 5
82 47 24
82 49 13
82 54 15
82 56 20
82 57 4
82 58 32
82 59 9
82 60 21
82 61 41
82 63 24
82 64 5
82 65 1
82 67 12
82 68 9
82 69 20
82 71 9
82 72 12
82 74 28
82 76 27
83 3 5
83 4 37
83 7 32
83 8 9
83 10 5
83 13 18
83 15 24
83 17 11
83 18 36
83 20 40
83 22 13
83 23 17
83 25 33
83 28 32
83 29 16
83 30 10
83 31 0
83 32 12
83 33 9
83 34 6
83 36 26
83 38 7
83 39 11
83 40 18
83 41 7
83 46 16
83 47 35
83 48 24
83 49 20
83 52 29
83 53 9
83 57 3
83 58 24
83 59 9
83 61 42
83 62 15
83 63 24
83 65 14
83 66 20
83 67 12
83 68 7
83 69 15
83 71 7
83 72 16
83 73 10
83 78 33
83 79 20
83 81 39
83 82 10
84 1 30
84 2 22
84 4 4
84 5 40
84 7 22
84 8 24
84 10 36
84 14 13
84 15 29
84 16 35
84 19 16
84 22 29
84 24 15
84 25 11
84 27 4
84 28 33
84 29 12
84 30 19
84 32 22
84 33 23
84 36 42
84 37 40
84 38 16
84 39 3
84 40 18
84 42 16
84 43 6
84 48 15
84 49 39
84 50 27
84 51 9
84 53 9
84 54 29
84 60 15
84 62 14
84 63 9
84 66 12
84 67 22
84 69 29
84 75 32
84 76 37
84 77 5
84 78 16
84 79 29
84 81 15
84 82 8
84 83 30
84 84 3
85 0 39
85 2 14
85 3 35
85 6 40
85 7 12
85 8 20
85 9 30
85 13 3
85 15 9
85 16 16
85 18 8
85 20 29
85 28 27
85 29 4
85 32 39
85 34 14
85 36 14
85 37 19
85 40 13
85 41 8
85 44 41
85 45 17
85 48 11
85 51 18
85 54 29
85 56 21
85 57 40
85 58 8
85 61 18
85 62 36
85 63 36
85 66 3
85 70 6
85 71 1
85 73 35
85 77 38
85 78 3
85 79 30
85 80 25
85 81 0
85 82 10
85 83 41
85 84 28
86 0 3
86 2 14
86 4 23
86 5 39
86 8 16
86 9 22
86 10 8
86 11 18
86 15 29
86 16 17
86 18 30
86 19 39
86 22 22
86 24 16
86 25 27
86 27 6
86 31 9
86 33 24
86 37 15
86 39 31
86 40 7
86 41 32
86 42 17
86 43 21
86 46 15
86 47 36
86 48 32
86 53 23
86 55 9
86 57 22
86 58 35
86 60 25
86 61 16
86 62 39
86 63 6
86 72 13
86 74 3
86 77 41
86 81 33
86 82 6
86 83 21
87 1 29
87 2 38
87 3 4
87 4 42
87 6 12
87 9 34
87 11 7
87 12 12
87 13 6
87 15 7
87 17 11
87 21 15
87 24 14
87 25 14
87 29 20
87 30 38
87 32 35
87 34 28
87 35 23
87 36 32
87 37 29
87 43 23
87 44 9
87 45 25
87 46 26
87 47 6
87 48 12
87 49 19
87 51 35
87 54 36
87 55 5
87 56 40
87 59 30
87 61 4
87 66 5
87 67 30
87 69 22
87 71 23
87 72 14
87 74 38
87 78 15
87 84 6
88 1 13
88 2 22
88 4 41
88 5 40
88 7 19
88 14 16
88 16 27
88 19 18
88 20 34
88 21 11
88 24 17
88 29 8
88 33 30
88 34 38
88 35 19
88 37 9
88 38 39
88 39 37
88 42 33
88 44 42
88 46 5
88 48 10
88 51 35
88 52 37
88 53 26
88 55 40
88 57 41
88 58 36
88 60 15
88 62 4
88 63 20
88 65 42
88 66 13
88 67 9
88 68 16
88 69 40
88 70 13
88 71 41
88 72 22
88 73 28
88 74 23
88 75 6
88 77 42
88 78 1
88 79 0
88 81 27
88 82 27
88 83 32
88 85 28
88 86 22
88 87 11
89 0 36
89 1 1
89 2 8
89 7 11
89 8 10
89 9 25
89 10 21
89 11 14
89 14 39
89 16 22
89 17 40
89 19 15
89 22 0
89 23 30
89 24 11
89 25 31
89 26 2
89 27 33
89 33 30
89 34 34
89 35 10
89 36 36
89 37 39
89 40 10
89 41 26
89 44 7
89 46 5
89 53 3
89 54 30
89 57 18
89 60 3
89 61 24
89 62 3
89 65 37
89 69 6
89 73 38
89 76 9
89 77 23
89 78 4
89 81 2
89 83 41
89 87 31
89 89 10
90 2 7
90 4 2
90 5 11
90 6 41
90 7 27
90 9 0
90 11 19
90 12 12
90 15 1
90 16 11
90 17 9
90 18 36
90 20 42
90 22 33
90 27 15
90 34 15
90 35 10
90 36 10
90 37 21
90 40 12
90 41 41
90 42 3
90 44 6
90 45 10
90 47 39
90 48 8
90 50 6
90 54 16
90 55 36
90 56 22
90 59 8
90 60 23
90 64 1
90 73 42
90 75 1
90 80 21
90 81 30
90 83 16
90 84 37
90 89 32
91 0 18
91 4 40
91 6 21
91 8 3
91 9 13
91 12 32
91 13 26
91 14 33
91 16 14
91 19 1
91 25 5
91 27 18
91 29 1
91 30 18
91 31 35
91 33 23
91 34 39
91 37 14
91 38 23
91 39 35
91 41 14
91 44 16
91 45 0
91 46 23
91 48 8
91 51 28
91 52 28
91 53 8
91 54 33
91 58 38
91 59 2
91 60 7
91 62 2
91 64 30
91 66 35
91 67 26
91 69 10
91 71 13
91 74 34
91 75 1
91 80 25
91 85 10
91 86 12
91 89 5
92 3 6
92 6 10
92 7 29
92 8 16
92 10 20
92 13 3
92 14 37
92 15 37
92 16 35
92 17 0
92 18 19
92 19 13
92 20 20
92 21 33
92 22 3
92 24 8
92 26 31
92 27 16
92 29 41
92 30 38
92 36 29
92 37 42
92 38 15
92 41 36
92 43 1
92 45 19
92 46 15
92 47 19
92 50 37
92 51 10
92 52 8
92 53 5
92 54 36
92 55 21
92 58 11
92 60 16
92 61 8
92 63 20
92 66 17
92 69 41
92 76 27
92 78 30
92 79 10
92 81 39
92 82 15
92 83 29
92 84 19
92 85 23
92 86 13
92 89 19
92 90 20
93 0 41
93 1 11
93 4 12
93 6 30
93 9 16
93 10 11
93 12 26
93 14 10
93 15 13
93 16 42
93 17 39
93 18 3
93 19 37
93 22 20
93 25 6
93 29 20
93 32 33
93 35 38
93 39 5
93 40 11
93 42 39
93 44 11
93 50 4
93 51 37
93 54 30
93 55 31
93 58 26
93 59 16
93 61 22
93 62 12
93 63 7
93 64 27
93 65 35
93 66 28
93 67 16
93 72 0
93 73 35
93 74 38
93 76 35
93 78 23
93 80 31
93 81 16
93 83 22
93 85 37
93 87 31
93 88 18
93 89 41
93 90 36
93 91 21
94 1 20
94 3 10
94 4 0
94 5 42
94 6 5
94 10 18
94 12 8
94 14 7
94 16 29
94 17 36
94 20 34
94 23 11
94 24 17
94 26 9
94 27 38
94 29 35
94 30 33
94 31 18
94 32 42
94 34 17
94 35 29
94 36 8
94 38 0
94 41 20
94 42 23
94 43 25
94 44 31
94 46 26
94 47 17
94 49 15
94 50 25
94 52 11
94 54 11
94 57 14
94 58 37
94 60 31
94 65 39
94 67 32
94 69 31
94 71 2
94 74 26
94 75 8
94 77 25
94 78 5
94 79 3
94 80 8
94 81 17
94 84 3
94 87 29
94 89 10
94 90 35
94 91 19
94 92 17
94 94 29
95 0 20
95 1 23
95 3 10
95 5 34
95 6 33
95 9 19
95 20 24
95 21 26
95 23 14
95 24 41
95 25 22
95 26 31
95 29 37
95 30 38
95 31 32
95 32 20
95 35 12
95 37 9
95 38 31
95 39 19
95 40 25
95 42 17
95 46 33
95 47 12
95 48 15
95 51 21
95 54 41
95 59 5
95 60 3
95 61 5
95 65 1
95 67 17
95 70 37
95 72 29
95 73 41
95 77 24
95 78 17
95 79 16
95 80 39
95 82 4
95 83 2
95 85 11
95 90 14
95 95 31
96 2 4
96 5 4
96 7 2
96 8 33
96 9 39
96 11 28
96 12 3
96 14 1
96 15 12
96 16 19
96 18 17
96 20 30
96 21 35
96 23 19
96 26 11
96 29 8
96 33 15
96 37 16
96 41 14
96 42 14
96 44 26
96 46 36
96 48 42
96 51 21
96 52 4
96 53 41
96 56 13
96 62 30
96 65 0
96 67 33
96 69 0
96 71 32
96 73 39
96 76 40
96 77 11
96 78 41
96 79 36
96 82 19
96 83 30
96 85 4
96 90 39
96 91 8
96 93 27
96 95 28
96 96 3
97 6 7
97 10 1
97 12 9
97 15 41
97 16 11
97 17 42
97 20 12
97 25 25
97 26 30
97 28 10
97 30 30
97 31 11
97 33 12
97 34 7
97 35 24
97 38 18
97 40 38
97 41 8
97 46 39
97 50 3
97 52 30
97 55 14
97 57 16
97 58 1
97 60 3
97 62 20
97 65 0
97 70 27
97 72 6
97 73 17
97 77 30
97 80 31
97 81 35
97 84 23
97 85 12
97 87 37
97 89 25
97 92 35
97 93 16
97 94 29
97 95 12
98 1 6
98 4 9
98 8 38
98 9 30
98 10 12
98 11 20
98 16 4
98 18 41
98 23 4
98 24 5
98 25 41
98 26 19
98 29 13
98 30 27
98 31 12
98 34 37
98 36 26
98 38 19
98 42 30
98 44 7
98 45 16
98 46 13
98 47 3
98 49 4
98 50 17
98 51 9
98 52 9
98 53 13
98 56 20
98 63 7
98 64 31
98 68 31
98 70 14
98 71 36
98 73 29
98 75 42
98 76 3
98 77 4
98 78 40
98 80 7
98 82 15
98 84 8
98 86 23
98 88 30
98 89 15
98 90 38
98 91 18
98 92 38
98 93 5
98 95 17
98 97 30
99 0 0
99 1 13
99 8 8
99 9 1
99 10 18
99 12 7
99 14 8
99 15 31
99 17 22
99 20 36
99 21 36
99 23 42
99 25 14
99 26 23
99 27 13
99 28 4
99 30 13
99 32 9
99 33 22
99 35 7
99 39 21
99 40 16
99 42 26
99 45 38
99 46 8
99 47 37
99 48 7
99 53 27
99 54 34
99 55 7
99 57 38
99 59 7
99 60 24
99 61 17
99 62 15
99 66 26
99 69 38
99 73 17
99 76 3
99 78 17
99 79 25
99 83 29
99 88 26
99 90 11
99 92 7
99 93 3
99 96 26
99 98 25
99 99 9
