100 2525
1 0 10
2 0 9
3 0 30
3 1 4
4 2 37
4 3 30
5 0 15
5 1 12
5 5 28
6 0 4
6 3 36
6 5 23
7 0 36
7 1 4
7 2 23
7 3 10
7 4 32
7 5 41
7 6 14
8 0 10
8 2 40
8 4 26
8 8 24
9 0 24
9 2 23
9 3 14
9 6 29
10 0 41
10 1 34
10 3 14
10 4 34
10 5 39
10 6 6
11 0 36
11 2 37
11 3 7
11 5 32
11 7 41
11 11 19
12 0 16
12 1 3
12 2 18
12 4 10
12 6 18
12 7 12
12 9 29
12 11 42
12 12 27
13 0 26
13 4 21
13 6 20
13 8 26
13 11 31
13 12 6
14 0 20
14 1 0
14 3 19
14 6 33
14 8 0
14 9 13
14 10 24
14 11 5
14 12 26
15 1 0
15 3 24
15 4 40
15 6 39
15 7 4
15 10 8
15 14 10
15 15 36
16 0 6
16 1 36
16 3 16
16 5 8
16 7 33
16 8 24
16 9 31
16 10 26
16 11 13
16 14 32
16 16 30
17 2 10
17 4 27
17 5 24
17 8 9
17 10 1
17 11 5
17 12 33
17 13 31
17 14 7
18 0 38
18 3 3
18 5 13
18 6 0
18 7 26
18 9 33
18 11 40
18 13 20
18 17 36
19 0 32
19 4 19
19 9 27
19 10 32
19 13 28
19 16 22
19 17 19
19 18 12
20 2 2
20 3 28
20 6 6
20 9 9
20 11 34
20 12 26
20 13 29
20 15 0
20 16 24
20 18 16
21 1 25
21 3 32
21 5 20
21 8 38
21 9 11
21 10 1
21 14 4
21 15 5
21 18 26
22 0 37
22 1 30
22 4 41
22 6 41
22 8 26
22 9 14
22 10 4
22 11 15
22 12 11
22 17 1
22 19 12
22 21 11
23 4 40
23 5 1
23 6 11
23 7 41
23 8 10
23 9 15
23 14 21
23 15 1
23 20 19
23 21 13
23 22 41
24 5 6
24 8 15
24 12 28
24 14 34
24 18 39
24 22 0
24 23 30
24 24 20
25 0 5
25 1 28
25 2 22
25 4 39
25 5 39
25 6 36
25 8 28
25 9 42
25 11 39
25 12 33
25 15 14
25 16 7
25 17 28
25 21 18
25 24 41
26 3 35
26 4 39
26 5 13
26 6 20
26 7 5
26 9 9
26 10 31
26 11 8
26 13 2
26 22 19
26 23 18
26 24 39
26 25 11
26 26 30
27 1 22
27 2 19
27 8 30
27 14 24
27 15 32
27 18 39
27 19 21
27 20 31
27 21 38
27 22 5
27 24 26
28 0 30
28 1 34
28 5 25
28 7 38
28 9 25
28 14 12
28 15 0
28 16 9
28 19 42
28 22 18
28 23 41
28 24 21
28 25 34
28 27 28
28 28 42
29 0 38
29 1 38
29 4 18
29 7 10
29 9 28
29 12 8
29 15 30
29 16 35
29 17 14
29 19 36
29 21 22
29 24 35
29 25 17
29 28 14
30 2 42
30 4 22
30 7 15
30 9 34
30 11 31
30 12 41
30 14 4
30 16 38
30 17 18
30 18 24
30 20 31
30 21 7
30 23 33
30 25 1
30 26 14
30 27 1
30 28 12
30 29 7
31 0 23
31 1 34
31 2 24
31 3 30
31 4 5
31 6 35
31 7 1
31 8 20
31 9 26
31 15 34
31 19 18
31 20 17
31 21 9
31 28 15
31 30 18
32 0 3
32 3 1
32 8 41
32 9 22
32 12 28
32 14 26
32 17 38
32 18 32
32 19 18
32 20 42
32 21 39
32 23 3
32 24 28
32 25 21
32 26 6
32 27 11
32 29 19
32 30 1
33 0 23
33 1 14
33 2 6
33 3 19
33 4 30
33 5 25
33 6 41
33 7 13
33 8 10
33 10 3
33 11 33
33 13 41
33 14 22
33 15 20
33 16 9
33 17 23
33 18 6
33 19 1
33 23 0
33 26 21
33 27 4
33 28 11
33 29 39
33 30 1
33 32 29
34 0 41
34 4 39
34 6 14
34 7 7
34 8 8
34 9 19
34 10 16
34 11 22
34 12 31
34 13 35
34 14 2
34 15 26
34 20 41
34 21 14
34 26 6
34 28 12
34 29 31
34 31 9
34 32 19
35 1 2
35 4 27
35 12 25
35 16 16
35 23 1
35 24 4
35 26 21
35 27 33
35 28 21
35 29 37
35 30 2
35 32 39
35 34 13
35 35 41
36 0 37
36 3 4
36 5 33
36 6 29
36 7 13
36 10 42
36 16 30
36 17 12
36 19 3
36 20 5
36 22 3
36 23 35
36 24 0
36 28 25
36 29 15
36 31 41
36 34 26
36 36 33
37 0 36
37 1 20
37 3 18
37 5 7
37 10 30
37 11 39
37 14 15
37 15 25
37 16 20
37 18 9
37 21 26
37 23 41
37 25 36
37 26 41
37 27 20
37 29 9
37 30 14
37 31 8
37 32 14
37 33 22
37 35 34
37 36 32
38 2 9
38 6 37
38 7 18
38 8 42
38 9 38
38 12 16
38 16 29
38 18 28
38 21 13
38 22 34
38 24 5
38 25 41
38 27 12
38 31 24
38 36 29
38 37 0
39 3 21
39 8 21
39 9 14
39 13 9
39 16 25
39 17 9
39 19 8
39 20 29
39 22 13
39 25 19
39 26 12
39 28 20
39 30 5
39 31 25
39 33 20
39 35 25
39 36 42
39 37 13
39 38 9
40 1 29
40 2 2
40 6 35
40 7 25
40 8 17
40 9 23
40 10 27
40 11 33
40 12 3
40 13 29
40 14 8
40 20 42
40 21 31
40 22 15
40 25 25
40 27 17
40 31 2
40 32 23
40 33 0
40 34 8
40 38 13
40 39 6
41 1 32
41 2 8
41 4 20
41 5 1
41 7 3
41 9 10
41 12 0
41 13 4
41 14 32
41 17 31
41 18 19
41 22 19
41 24 38
41 25 5
41 26 35
41 27 36
41 28 14
41 29 35
41 30 36
41 32 6
41 34 0
41 35 38
41 36 24
41 37 10
41 40 3
41 41 8
42 4 4
42 5 23
42 6 35
42 7 40
42 8 20
42 10 26
42 13 3
42 14 25
42 17 3
42 22 10
42 25 38
42 26 22
42 29 13
42 30 31
42 35 28
42 36 1
42 39 4
42 41 38
42 42 37
43 2 6
43 3 25
43 14 5
43 15 37
43 16 4
43 17 2
43 20 31
43 22 32
43 26 15
43 27 23
43 31 12
43 32 42
43 36 39
43 38 21
43 40 10
44 2 42
44 3 7
44 4 26
44 5 3
44 8 36
44 9 20
44 13 2
44 15 30
44 16 14
44 17 37
44 20 13
44 22 5
44 23 41
44 24 14
44 26 14
44 27 27
44 33 28
44 34 20
44 38 40
44 39 42
44 40 4
44 43 18
45 1 37
45 3 35
45 4 42
45 5 20
45 8 8
45 9 6
45 10 41
45 13 15
45 14 18
45 15 18
45 16 36
45 17 11
45 19 0
45 20 12
45 21 6
45 24 40
45 27 16
45 29 30
45 30 2
45 32 15
45 34 30
45 36 12
45 38 35
45 40 8
45 41 10
46 1 39
46 3 37
46 4 26
46 5 10
46 6 20
46 11 1
46 16 13
46 18 9
46 20 11
46 23 9
46 25 16
46 26 34
46 28 1
46 29 16
46 30 32
46 31 36
46 33 16
46 34 22
46 39 16
46 40 34
46 41 31
46 44 31
47 2 6
47 7 37
47 8 41
47 11 6
47 12 36
47 13 31
47 16 27
47 17 10
47 19 28
47 20 11
47 21 29
47 23 40
47 24 0
47 25 22
47 26 37
47 28 22
47 29 2
47 32 1
47 34 19
47 36 34
47 38 4
47 39 13
47 46 26
48 3 30
48 4 4
48 5 42
48 9 42
48 11 12
48 13 15
48 15 0
48 16 32
48 21 1
48 22 10
48 23 34
48 25 14
48 27 37
48 28 21
48 31 21
48 33 30
48 34 27
48 35 17
48 36 6
48 37 31
48 41 38
48 42 35
48 43 24
48 47 26
48 48 19
49 1 32
49 3 13
49 4 39
49 5 33
49 9 41
49 10 12
49 11 33
49 17 24
49 18 17
49 19 31
49 20 34
49 21 20
49 22 38
49 30 29
49 31 6
49 34 20
49 39 14
49 40 0
49 41 15
49 45 16
49 47 21
50 1 12
50 2 31
50 4 14
50 6 16
50 8 31
50 10 37
50 11 12
50 12 37
50 13 25
50 16 16
50 18 25
50 20 11
50 22 37
50 24 34
50 27 37
50 28 14
50 29 17
50 31 24
50 32 37
50 33 36
50 35 40
50 38 30
50 40 22
50 43 36
50 44 31
50 45 28
50 50 42
51 3 35
51 4 20
51 5 15
51 7 13
51 8 20
51 9 25
51 10 5
51 13 10
51 14 0
51 15 32
51 16 25
51 17 10
51 18 13
51 19 37
51 23 30
51 27 28
51 32 3
51 33 37
51 34 15
51 35 22
51 36 29
51 37 21
51 42 14
51 44 22
51 46 3
51 48 33
51 50 35
51 51 23
52 3 17
52 5 20
52 6 15
52 7 17
52 9 29
52 10 42
52 12 29
52 14 4
52 15 37
52 16 0
52 18 41
52 20 12
52 21 41
52 25 39
52 27 15
52 29 32
52 33 31
52 34 5
52 37 9
52 40 0
52 42 42
52 44 8
52 45 18
52 46 33
52 48 38
53 1 36
53 2 8
53 7 14
53 11 40
53 13 1
53 15 35
53 18 40
53 22 24
53 23 6
53 24 27
53 26 6
53 27 36
53 28 10
53 29 35
53 33 3
53 34 39
53 37 0
53 43 31
53 49 4
53 51 22
53 52 25
54 0 2
54 4 41
54 6 6
54 7 37
54 8 36
54 11 28
54 12 3
54 16 31
54 19 41
54 20 36
54 21 16
54 22 20
54 25 2
54 26 34
54 27 32
54 28 33
54 29 37
54 31 8
54 32 41
54 34 27
54 35 28
54 36 15
54 38 32
54 40 30
54 42 21
54 44 26
54 48 1
54 49 17
54 50 17
55 1 6
55 3 21
55 4 38
55 8 38
55 10 15
55 11 18
55 12 23
55 13 21
55 14 27
55 16 2
55 19 5
55 20 15
55 22 3
55 24 24
55 27 1
55 28 34
55 29 25
55 32 41
55 35 34
55 38 35
55 39 22
55 40 21
55 41 12
55 44 42
55 46 41
55 48 17
55 49 13
55 50 36
55 53 42
56 0 23
56 3 31
56 4 36
56 5 32
56 8 24
56 10 19
56 12 11
56 13 40
56 14 34
56 15 9
56 16 7
56 17 5
56 19 33
56 20 0
56 22 38
56 23 37
56 24 30
56 25 9
56 27 5
56 28 10
56 29 28
56 30 26
56 31 9
56 32 40
56 34 19
56 36 23
56 37 0
56 42 37
56 44 37
56 47 36
56 48 21
56 49 3
56 50 10
56 52 31
56 55 7
57 0 13
57 2 40
57 5 1
57 10 16
57 11 14
57 12 33
57 13 39
57 15 11
57 18 31
57 19 25
57 20 33
57 22 34
57 25 8
57 26 2
57 29 26
57 33 28
57 34 19
57 36 30
57 39 30
57 45 28
57 48 21
57 52 17
57 53 34
57 54 0
57 55 36
57 56 41
58 0 30
58 2 27
58 4 15
58 5 17
58 8 13
58 11 8
58 15 42
58 16 32
58 21 32
58 25 21
58 26 7
58 32 38
58 36 33
58 37 20
58 40 14
58 45 24
58 46 38
58 50 1
58 56 12
58 57 10
59 3 25
59 5 23
59 6 16
59 7 16
59 10 36
59 12 30
59 13 24
59 14 32
59 15 13
59 17 42
59 18 26
59 19 28
59 24 5
59 25 24
59 26 0
59 29 9
59 31 0
59 34 37
59 35 38
59 36 36
59 37 28
59 39 1
59 41 35
59 42 29
59 46 39
59 47 7
59 48 41
59 52 7
59 53 30
59 54 19
59 55 27
59 56 11
59 57 7
59 59 14
60 1 15
60 2 29
60 7 39
60 9 25
60 10 13
60 12 9
60 13 26
60 14 24
60 16 27
60 17 27
60 18 38
60 20 34
60 23 5
60 24 34
60 25 15
60 29 0
60 31 23
60 32 2
60 34 13
60 37 21
60 44 5
60 48 12
60 49 5
60 50 29
60 51 16
60 52 29
60 54 30
60 56 28
60 57 37
60 58 32
60 59 33
60 60 0
61 0 42
61 1 35
61 3 0
61 4 29
61 8 6
61 9 29
61 10 3
61 11 26
61 12 33
61 14 16
61 15 42
61 16 28
61 17 7
61 18 6
61 22 28
61 23 33
61 25 19
61 28 37
61 30 33
61 31 28
61 33 0
61 34 2
61 36 2
61 38 33
61 40 2
61 42 42
61 43 30
61 44 21
61 45 36
61 46 3
61 49 9
61 50 27
61 52 1
61 53 41
61 55 32
61 56 33
61 58 19
61 59 25
61 60 3
62 0 7
62 1 3
62 4 5
62 6 6
62 9 2
62 14 21
62 15 26
62 18 27
62 20 17
62 21 5
62 23 33
62 27 21
62 28 23
62 31 36
62 34 31
62 36 36
62 37 7
62 38 11
62 40 40
62 41 0
62 44 12
62 48 27
62 50 11
62 51 35
62 52 28
62 56 13
62 57 16
62 60 6
63 0 37
63 2 27
63 7 23
63 8 4
63 10 42
63 12 14
63 14 2
63 15 23
63 17 33
63 18 23
63 19 3
63 24 38
63 25 0
63 26 13
63 28 7
63 29 33
63 32 8
63 33 37
63 38 6
63 39 32
63 42 35
63 43 28
63 47 31
63 48 41
63 49 37
63 50 22
63 51 36
63 53 9
63 55 16
63 56 24
63 60 38
64 2 42
64 3 36
64 4 18
64 5 15
64 8 14
64 9 32
64 10 10
64 16 35
64 19 41
64 22 2
64 24 39
64 26 6
64 29 30
64 30 15
64 31 7
64 32 40
64 33 13
64 34 13
64 35 19
64 39 29
64 40 29
64 42 39
64 44 23
64 45 41
64 46 22
64 49 39
64 50 20
64 54 9
64 59 17
64 62 25
65 0 14
65 1 26
65 2 9
65 3 30
65 4 9
65 5 32
65 7 6
65 8 0
65 10 38
65 13 14
65 16 17
65 17 33
65 18 27
65 19 24
65 22 16
65 27 34
65 28 18
65 29 27
65 33 24
65 37 41
65 38 0
65 40 28
65 42 1
65 43 42
65 44 29
65 45 0
65 48 17
65 49 29
65 54 40
65 55 34
65 58 28
65 59 36
65 60 10
65 61 32
65 62 37
65 63 7
65 64 30
65 65 32
66 0 12
66 1 10
66 2 12
66 3 26
66 4 2
66 9 25
66 11 11
66 12 20
66 13 16
66 15 4
66 17 27
66 18 21
66 19 14
66 20 30
66 23 9
66 24 0
66 25 13
66 26 33
66 28 26
66 30 7
66 36 35
66 37 42
66 38 41
66 40 35
66 41 17
66 46 30
66 47 5
66 48 3
66 50 21
66 53 41
66 55 41
66 56 37
66 57 8
66 60 18
66 64 0
66 65 28
67 5 19
67 6 7
67 9 40
67 10 19
67 11 12
67 13 42
67 17 1
67 19 15
67 24 34
67 25 37
67 26 1
67 27 29
67 29 12
67 31 11
67 34 9
67 35 33
67 37 19
67 38 35
67 40 42
67 41 33
67 44 36
67 45 17
67 46 15
67 50 32
67 53 24
67 57 25
67 59 18
67 60 5
67 61 27
67 65 10
67 66 28
67 67 38
68 0 9
68 1 42
68 2 6
68 3 27
68 4 14
68 5 22
68 7 39
68 8 31
68 9 40
68 10 1
68 11 26
68 12 34
68 15 16
68 17 28
68 20 40
68 21 10
68 23 35
68 26 3
68 27 30
68 28 41
68 29 12
68 32 26
68 39 25
68 43 33
68 48 39
68 49 16
68 50 17
68 52 22
68 53 5
68 55 38
68 56 30
68 59 40
68 60 0
68 62 10
68 64 0
68 65 11
68 67 38
69 0 27
69 6 15
69 8 15
69 11 30
69 12 9
69 13 20
69 16 41
69 19 4
69 22 2
69 23 21
69 26 12
69 27 2
69 28 15
69 31 29
69 32 32
69 35 5
69 36 7
69 37 10
69 38 13
69 42 30
69 43 15
69 47 7
69 49 34
69 52 15
69 56 0
69 57 42
69 58 1
69 60 7
69 63 11
69 65 22
69 66 25
69 67 32
70 5 40
70 7 22
70 8 15
70 9 16
70 10 7
70 11 0
70 12 16
70 13 20
70 14 5
70 15 29
70 16 4
70 17 14
70 18 29
70 19 9
70 20 13
70 21 27
70 22 8
70 24 20
70 27 1
70 29 10
70 34 34
70 35 19
70 37 9
70 38 0
70 40 40
70 41 39
70 42 4
70 44 35
70 45 16
70 47 7
70 48 26
70 50 20
70 51 3
70 52 13
70 55 42
70 56 39
70 57 32
70 58 40
70 60 17
70 64 26
70 68 20
70 69 22
70 70 38
71 0 20
71 1 0
71 2 22
71 5 4
71 6 34
71 7 3
71 10 17
71 13 0
71 14 36
71 15 2
71 17 0
71 18 26
71 20 6
71 22 41
71 23 7
71 25 34
71 27 18
71 28 23
71 29 15
71 30 6
71 31 38
71 33 19
71 34 16
71 35 7
71 36 10
71 38 22
71 39 1
71 44 18
71 47 40
71 48 41
71 52 32
71 53 11
71 54 11
71 56 12
71 59 40
71 63 23
71 66 5
71 68 28
71 70 36
72 0 38
72 2 23
72 6 26
72 7 36
72 9 29
72 12 7
72 13 29
72 14 15
72 19 24
72 21 34
72 27 39
72 28 1
72 36 30
72 40 34
72 41 13
72 42 32
72 43 17
72 44 6
72 46 37
72 47 39
72 49 12
72 50 27
72 54 4
72 55 42
72 57 41
72 58 12
72 59 32
72 60 31
72 61 37
72 62 31
72 65 8
72 66 34
72 68 37
72 69 21
72 72 38
73 1 32
73 2 19
73 3 13
73 5 24
73 10 27
73 14 16
73 15 27
73 16 2
73 18 42
73 19 42
73 20 28
73 21 2
73 24 38
73 25 25
73 26 11
73 27 20
73 30 37
73 32 10
73 35 4
73 38 21
73 39 36
73 46 22
73 47 37
73 49 31
73 50 20
73 52 14
73 54 14
73 56 12
73 58 36
73 61 33
73 65 30
73 66 19
73 67 12
73 69 22
73 72 1
74 0 6
74 1 1
74 2 29
74 4 5
74 6 12
74 9 33
74 10 22
74 11 42
74 12 32
74 14 20
74 15 16
74 16 39
74 18 2
74 20 36
74 21 40
74 22 37
74 23 38
74 24 21
74 27 28
74 28 18
74 29 2
74 30 18
74 33 40
74 34 40
74 35 28
74 36 34
74 38 1
74 40 35
74 41 4
74 45 40
74 46 35
74 48 39
74 49 35
74 50 23
74 53 37
74 55 9
74 64 35
74 65 26
74 70 13
74 71 18
74 74 27
75 1 3
75 2 39
75 4 39
75 5 34
75 7 30
75 8 42
75 9 39
75 10 5
75 11 25
75 13 26
75 14 6
75 17 30
75 18 2
75 19 0
75 20 39
75 21 3
75 22 13
75 23 32
75 24 16
75 27 23
75 29 41
75 31 13
75 37 24
75 41 38
75 42 39
75 43 39
75 44 7
75 45 35
75 47 15
75 48 20
75 49 42
75 50 2
75 52 2
75 53 16
75 54 23
75 55 19
75 56 15
75 58 12
75 59 0
75 64 19
75 65 38
75 66 27
75 69 28
75 70 12
75 71 32
75 72 11
75 74 30
76 0 18
76 3 15
76 5 10
76 8 35
76 9 35
76 11 24
76 16 6
76 17 27
76 19 10
76 20 27
76 25 40
76 26 5
76 27 5
76 28 40
76 32 2
76 33 38
76 35 17
76 36 40
76 37 20
76 38 42
76 39 18
76 42 3
76 43 18
76 46 34
76 47 3
76 50 1
76 52 33
76 53 19
76 57 26
76 59 28
76 60 36
76 62 39
76 67 22
76 68 39
76 72 20
76 73 25
76 75 41
76 76 5
77 1 37
77 5 38
77 9 30
77 10 41
77 11 18
77 12 22
77 14 34
77 17 28
77 18 31
77 19 4
77 20 36
77 25 31
77 27 26
77 28 0
77 29 4
77 30 12
77 31 42
77 32 36
77 33 18
77 34 8
77 37 9
77 38 6
77 42 23
77 44 14
77 45 0
77 46 19
77 47 13
77 49 34
77 50 23
77 51 6
77 54 23
77 55 1
77 59 33
77 60 28
77 62 20
77 64 8
77 65 34
77 66 1
77 67 24
77 68 4
77 69 35
77 71 7
77 72 40
77 74 1
77 76 0
78 4 13
78 5 0
78 6 6
78 7 32
78 8 33
78 13 11
78 16 37
78 17 41
78 19 12
78 22 12
78 23 5
78 24 12
78 29 26
78 36 40
78 41 33
78 43 17
78 44 41
78 45 11
78 46 18
78 47 37
78 49 41
78 55 10
78 58 40
78 59 14
78 60 16
78 65 21
78 66 6
78 67 25
78 68 14
78 69 12
78 78 40
79 0 20
79 3 20
79 5 26
79 6 7
79 9 36
79 11 36
79 12 30
79 16 32
79 18 25
79 20 32
79 21 21
79 23 32
79 26 7
79 29 20
79 33 40
79 34 0
79 36 30
79 37 9
79 39 32
79 40 2
79 42 22
79 43 24
79 44 7
79 47 27
79 49 24
79 50 23
79 51 9
79 52 42
79 53 29
79 54 24
79 56 12
79 59 30
79 60 1
79 64 42
79 65 36
79 67 22
79 70 29
79 74 38
79 77 30
80 0 24
80 2 29
80 4 11
80 7 31
80 8 4
80 11 21
80 12 30
80 13 24
80 16 3
80 22 16
80 23 42
80 24 24
80 26 5
80 29 3
80 30 18
80 33 26
80 34 24
80 36 23
80 37 6
80 42 10
80 43 4
80 44 30
80 46 9
80 47 15
80 48 24
80 49 24
80 51 10
80 56 3
80 57 15
80 58 1
80 59 29
80 61 5
80 62 17
80 63 22
80 64 22
80 66 19
80 70 35
80 77 29
81 0 9
81 5 37
81 6 19
81 7 21
81 8 4
81 11 24
81 14 26
81 15 32
81 16 30
81 17 11
81 18 7
81 20 24
81 21 34
81 22 12
81 24 16
81 26 19
81 28 6
81 32 35
81 34 40
81 36 10
81 38 1
81 39 14
81 40 24
81 42 20
81 44 18
81 49 9
81 51 9
81 52 31
81 53 23
81 57 8
81 60 9
81 64 18
81 65 14
81 74 2
81 75 12
81 76 4
81 78 19
82 1 42
82 6 26
82 7 33
82 10 14
82 15 8
82 18 27
82 19 27
82 23 29
82 30 41
82 31 37
82 32 8
82 34 10
82 35 14
82 42 4
82 45 10
82 46 42
82 47 36
82 48 22
82 49 23
82 52 4
82 53 21
82 56 18
82 60 11
82 61 34
82 63 39
82 64 13
82 65 11
82 68 39
82 70 16
82 71 20
82 77 13
82 78 6
82 79 3
82 81 39
83 0 36
83 1 35
83 2 5
83 4 42
83 6 17
83 7 14
83 9 34
83 10 4
83 11 33
83 12 7
83 14 25
83 15 11
83 16 34
83 17 30
83 19 3
83 21 17
83 23 15
83 27 28
83 29 4
83 31 21
83 33 14
83 35 14
83 36 28
83 47 33
83 48 11
83 49 15
83 50 10
83 52 18
83 53 25
83 54 7
83 55 10
83 56 7
83 57 37
83 58 0
83 60 34
83 61 17
83 62 14
83 63 29
83 66 15
83 67 35
83 68 39
83 70 36
83 71 16
83 81 22
83 82 40
84 4 5
84 7 19
84 8 20
84 9 37
84 10 33
84 11 26
84 17 33
84 18 38
84 19 40
84 20 8
84 21 10
84 23 29
84 25 5
84 29 24
84 31 25
84 32 11
84 35 32
84 36 26
84 37 25
84 39 19
84 42 7
84 43 34
84 44 18
84 45 42
84 46 41
84 49 31
84 50 34
84 51 33
84 52 22
84 53 40
84 54 5
84 56 25
84 60 23
84 61 17
84 64 11
84 66 41
84 67 21
84 68 25
84 71 7
84 73 28
84 75 25
84 78 28
84 80 18
84 83 12
84 84 30
85 2 41
85 10 28
85 11 34
85 16 40
85 17 29
85 20 36
85 21 31
85 22 18
85 23 1
85 24 14
85 25 36
85 30 0
85 32 10
85 33 19
85 35 29
85 36 17
85 37 34
85 40 29
85 42 27
85 43 23
85 45 13
85 46 12
85 47 28
85 48 18
85 49 32
85 50 34
85 51 40
85 53 6
85 54 7
85 55 16
85 58 34
85 59 31
85 60 36
85 61 40
85 62 2
85 64 39
85 66 29
85 70 40
85 76 7
85 81 34
85 84 37
85 85 0
86 1 18
86 2 17
86 3 1
86 4 11
86 6 16
86 10 23
86 12 2
86 16 6
86 20 27
86 22 42
86 23 20
86 24 40
86 25 40
86 27 40
86 34 12
86 42 29
86 43 19
86 44 21
86 45 41
86 46 4
86 48 10
86 49 32
86 51 30
86 53 16
86 54 30
86 58 35
86 60 39
86 61 20
86 62 42
86 63 29
86 64 31
86 65 17
86 66 7
86 67 1
86 68 2
86 70 4
86 72 1
86 73 37
86 75 9
86 76 30
86 78 20
86 82 37
87 2 23
87 4 17
87 7 29
87 8 8
87 9 36
87 11 30
87 14 8
87 17 6
87 18 27
87 21 39
87 22 20
87 24 38
87 25 20
87 26 35
87 27 30
87 28 13
87 30 11
87 31 2
87 38 28
87 41 33
87 43 27
87 44 13
87 45 11
87 46 31
87 52 16
87 54 35
87 55 31
87 60 9
87 61 8
87 63 22
87 65 13
87 68 11
87 69 3
87 70 31
87 71 37
87 72 18
87 75 16
87 76 6
87 77 24
87 78 33
87 80 7
87 83 9
87 84 39
88 0 42
88 2 21
88 3 2
88 8 36
88 9 35
88 11 34
88 13 17
88 14 4
88 15 23
88 17 34
88 18 4
88 19 41
88 21 4
88 24 14
88 25 9
88 26 17
88 34 7
88 37 12
88 38 35
88 42 17
88 47 6
88 48 16
88 49 34
88 50 28
88 51 3
88 52 42
88 53 42
88 59 22
88 62 34
88 64 42
88 68 3
88 74 29
88 75 40
88 76 40
88 77 26
88 78 26
88 80 42
88 81 11
88 82 23
88 85 5
89 0 14
89 1 30
89 4 39
89 5 4
89 8 0
89 10 10
89 11 39
89 12 6
89 13 24
89 19 25
89 20 13
89 22 40
89 23 33
89 26 21
89 27 14
89 28 11
89 29 40
89 32 21
89 34 42
89 35 8
89 39 11
89 40 29
89 41 29
89 48 17
89 49 26
89 50 25
89 53 12
89 57 30
89 58 8
89 60 1
89 61 25
89 63 37
89 65 31
89 68 28
89 73 14
89 74 33
89 76 17
89 77 10
89 80 19
89 85 8
90 0 26
90 1 11
90 2 7
90 4 30
90 5 6
90 7 31
90 8 34
90 11 6
90 12 35
90 13 27
90 15 24
90 22 0
90 26 23
90 27 35
90 30 25
90 36 33
90 37 14
90 38 4
90 40 37
90 41 24
90 43 18
90 46 19
90 48 12
90 53 31
90 54 25
90 55 13
90 57 12
90 59 28
90 60 11
90 61 4
90 64 23
90 67 23
90 74 0
90 76 8
90 77 40
90 79 33
90 89 8
90 90 30
91 0 0
91 1 39
91 2 10
91 4 12
91 9 20
91 12 35
91 14 26
91 15 36
91 16 36
91 18 1
91 19 38
91 20 15
91 26 28
91 27 18
91 28 8
91 29 25
91 32 40
91 35 42
91 36 21
91 37 28
91 38 26
91 39 1
91 41 7
91 44 27
91 46 0
91 47 34
91 51 41
91 56 2
91 60 28
91 62 14
91 64 33
91 65 28
91 67 41
91 68 4
91 70 39
91 71 35
91 73 36
91 75 23
91 76 42
91 77 8
91 78 6
91 79 1
91 81 29
91 82 38
91 83 25
91 85 37
91 86 42
91 89 5
92 0 0
92 1 11
92 2 37
92 4 7
92 5 33
92 6 19
92 7 18
92 9 31
92 12 24
92 13 17
92 14 12
92 15 35
92 18 14
92 19 12
92 20 26
92 21 26
92 22 27
92 23 10
92 25 32
92 26 31
92 27 13
92 29 39
92 31 37
92 34 36
92 35 11
92 36 12
92 38 37
92 39 3
92 40 36
92 43 30
92 48 12
92 49 31
92 51 14
92 52 24
92 53 10
92 57 4
92 59 16
92 61 29
92 62 21
92 63 26
92 64 17
92 65 5
92 66 20
92 67 2
92 68 37
92 70 36
92 73 39
92 77 21
92 81 41
92 88 7
92 89 12
92 90 0
92 91 21
93 2 23
93 3 41
93 4 0
93 6 21
93 8 10
93 12 33
93 15 1
93 16 41
93 17 3
93 18 16
93 19 7
93 20 2
93 21 3
93 23 30
93 24 22
93 33 32
93 34 31
93 35 11
93 37 7
93 44 29
93 47 15
93 48 23
93 51 37
93 52 21
93 53 1
93 54 41
93 55 17
93 56 24
93 57 34
93 59 41
93 60 4
93 61 13
93 71 11
93 72 9
93 74 32
93 75 20
93 76 14
93 77 32
93 78 8
93 80 3
93 82 11
93 85 26
93 86 41
93 87 6
93 88 18
93 89 25
93 93 29
94 0 16
94 1 7
94 2 18
94 3 39
94 4 41
94 7 36
94 12 38
94 13 20
94 15 12
94 16 19
94 17 37
94 18 41
94 19 27
94 21 10
94 23 13
94 25 13
94 26 26
94 29 16
94 30 26
94 31 5
94 34 27
94 36 23
94 37 35
94 38 10
94 41 15
94 43 39
94 44 14
94 47 32
94 51 36
94 52 11
94 55 18
94 57 32
94 58 8
94 66 19
94 68 20
94 69 41
94 72 23
94 73 34
94 74 20
94 76 39
94 77 30
94 78 9
94 79 28
94 80 19
94 82 34
94 84 4
94 85 22
94 86 16
94 87 32
94 90 10
94 92 26
95 2 5
95 4 13
95 6 6
95 7 4
95 9 35
95 11 20
95 13 30
95 14 2
95 17 1
95 19 28
95 22 17
95 27 14
95 29 23
95 35 39
95 36 5
95 39 11
95 41 32
95 42 28
95 44 30
95 45 33
95 46 20
95 48 2
95 49 8
95 52 16
95 55 30
95 56 27
95 57 30
95 58 29
95 59 4
95 63 29
95 64 9
95 66 5
95 68 0
95 70 40
95 72 9
95 74 31
95 76 32
95 77 21
95 78 14
95 81 21
95 82 11
95 85 24
95 88 22
95 90 2
95 92 18
95 93 11
95 94 15
96 1 5
96 4 29
96 6 17
96 7 41
96 8 6
96 10 36
96 11 27
96 12 15
96 13 42
96 14 32
96 15 21
96 16 39
96 20 0
96 21 27
96 24 26
96 27 18
96 28 36
96 30 42
96 34 16
96 36 14
96 37 4
96 40 8
96 41 3
96 42 10
96 43 35
96 44 14
96 45 28
96 50 24
96 51 37
96 53 12
96 54 41
96 55 24
96 57 16
96 58 10
96 59 8
96 61 19
96 62 21
96 64 20
96 66 23
96 72 12
96 75 2
96 76 28
96 77 22
96 80 22
96 82 34
96 84 22
96 85 24
96 86 34
96 87 31
96 88 5
96 89 24
96 92 41
96 93 39
96 95 31
97 1 19
97 3 41
97 5 1
97 7 37
97 9 16
97 10 19
97 12 0
97 14 18
97 15 26
97 16 29
97 17 33
97 19 39
97 20 41
97 22 15
97 23 1
97 24 38
97 31 17
97 32 21
97 33 8
97 35 33
97 36 16
97 37 28
97 39 30
97 41 25
97 42 14
97 47 23
97 48 14
97 52 7
97 53 32
97 54 0
97 56 37
97 58 18
97 59 28
97 60 19
97 61 1
97 62 23
97 64 31
97 68 32
97 74 28
97 76 4
97 77 41
97 80 41
97 81 3
97 84 6
97 86 22
97 88 2
97 90 10
97 93 42
98 1 38
98 2 12
98 3 4
98 4 3
98 10 2
98 12 17
98 15 19
98 16 15
98 17 7
98 20 9
98 25 19
98 26 9
98 29 32
98 31 27
98 32 38
98 34 9
98 36 5
98 38 3
98 39 21
98 41 27
98 42 30
98 43 23
98 45 17
98 47 17
98 48 12
98 49 13
98 50 38
98 52 26
98 53 19
98 59 10
98 62 17
98 64 30
98 66 7
98 69 15
98 71 3
98 73 18
98 74 12
98 75 42
98 79 26
98 80 30
98 82 36
98 83 9
98 84 37
98 86 23
98 88 31
98 90 18
98 92 8
98 95 4
98 96 41
98 98 18
99 0 7
99 7 9
99 8 27
99 13 26
99 14 34
99 17 39
99 19 9
99 20 3
99 21 14
99 26 22
99 27 10
99 31 18
99 33 15
99 34 7
99 36 3
99 39 33
99 40 38
99 42 17
99 43 20
99 44 8
99 45 14
99 46 4
99 47 13
99 49 15
99 50 6
99 51 14
99 52 39
99 54 12
99 55 33
99 57 6
99 58 20
99 62 7
99 63 11
99 64 21
99 66 9
99 68 32
99 76 5
99 78 7
99 79 40
99 80 18
99 86 34
99 88 13
99 89 7
99 90 9
99 92 0
99 93 33
99 95 35
99 96 9
99 97 35
99 98 1
