100 2525
1 0 39
2 1 38
3 0 9
3 1 30
3 2 24
4 0 41
5 0 8
5 2 29
5 3 31
5 4 14
6 0 40
6 2 2
6 3 10
6 6 18
7 0 26
7 5 10
7 6 14
8 3 4
8 4 8
8 5 17
8 6 27
8 7 11
8 8 3
9 0 20
9 2 5
9 3 3
9 4 0
9 5 42
9 6 21
10 0 28
10 1 11
10 6 31
10 7 29
11 0 38
11 1 37
11 2 33
11 5 36
11 7 24
11 8 16
11 9 1
12 2 1
12 5 30
12 6 27
12 10 42
12 11 16
13 0 42
13 2 38
13 7 12
13 8 11
13 12 35
14 2 13
14 3 36
14 7 23
14 8 32
14 11 3
14 12 17
15 0 10
15 1 4
15 2 3
15 5 10
15 7 6
15 11 8
15 12 1
15 13 16
16 1 32
16 2 34
16 3 8
16 4 2
16 5 32
16 7 38
16 8 11
16 9 7
16 10 11
16 12 1
16 13 37
16 16 41
17 0 23
17 3 20
17 4 1
17 5 31
17 6 14
17 7 1
17 8 19
17 11 18
17 12 38
17 13 2
17 15 27
17 17 29
18 0 1
18 1 37
18 2 33
18 4 33
18 5 20
18 7 18
18 13 16
18 15 6
18 16 31
19 3 40
19 4 21
19 7 7
19 14 3
19 16 11
19 17 12
19 18 39
20 1 3
20 3 10
20 6 38
20 8 0
20 10 38
20 12 36
20 16 0
20 17 32
20 19 26
20 20 15
21 0 16
21 1 9
21 8 16
21 9 29
21 10 21
21 13 9
21 16 36
21 17 9
21 20 25
22 3 15
22 8 5
22 12 3
22 13 33
22 15 4
22 19 30
22 20 22
23 0 25
23 1 42
23 2 42
23 4 40
23 8 25
23 10 22
23 11 9
23 12 20
23 13 2
23 15 40
23 16 10
23 17 23
23 18 11
23 21 20
23 22 28
23 23 6
24 0 41
24 1 8
24 4 38
24 7 3
24 11 29
24 12 33
24 13 2
24 18 41
24 20 35
24 21 40
24 22 11
24 23 19
25 0 16
25 1 38
25 2 42
25 3 11
25 5 18
25 6 15
25 7 21
25 10 20
25 13 4
25 15 29
25 17 4
25 18 9
25 19 40
25 20 21
25 21 40
25 24 29
26 0 15
26 2 0
26 3 5
26 6 1
26 7 14
26 9 5
26 11 32
26 18 22
26 19 34
26 20 26
26 22 14
26 23 1
26 25 0
27 1 36
27 2 36
27 6 4
27 7 12
27 8 28
27 11 17
27 12 14
27 14 34
27 15 37
27 16 23
27 21 42
27 22 26
27 24 8
27 26 5
28 2 29
28 3 9
28 6 14
28 8 39
28 9 26
28 10 5
28 11 14
28 15 16
28 16 1
28 18 15
28 20 1
28 21 12
28 22 31
28 23 34
28 25 37
29 1 18
29 2 40
29 3 42
29 7 32
29 8 7
29 9 28
29 10 32
29 11 29
29 14 17
29 18 41
29 19 27
29 22 41
29 24 4
29 25 25
29 26 5
30 1 7
30 2 8
30 9 39
30 11 19
30 13 27
30 14 13
30 15 35
30 20 6
30 21 11
30 23 40
30 24 11
30 26 36
30 27 1
30 29 30
30 30 16
31 3 35
31 6 39
31 7 36
31 8 37
31 9 41
31 10 30
31 12 10
31 15 3
31 22 25
31 23 15
31 24 13
31 25 30
31 26 14
31 27 23
31 31 20
32 0 39
32 1 10
32 2 17
32 6 22
32 7 13
32 9 34
32 10 20
32 11 28
32 12 6
32 13 22
32 16 36
32 21 30
32 23 24
32 24 32
32 25 20
32 26 25
32 28 24
33 0 9
33 1 3
33 2 35
33 4 39
33 6 30
33 7 30
33 8 0
33 9 37
33 10 19
33 13 27
33 14 39
33 17 42
33 18 9
33 19 36
33 20 31
33 23 33
33 25 24
33 26 6
33 27 2
33 28 9
34 0 38
34 2 22
34 3 40
34 4 38
34 7 41
34 9 0
34 12 42
34 13 40
34 14 30
34 15 11
34 16 6
34 17 32
34 21 3
34 24 42
34 25 21
34 28 21
34 29 23
34 30 5
34 32 10
35 3 39
35 4 13
35 8 23
35 10 38
35 15 2
35 16 20
35 18 8
35 19 13
35 21 36
35 23 33
35 24 20
35 29 6
35 31 1
35 33 23
36 1 4
36 2 32
36 3 32
36 8 12
36 9 36
36 10 20
36 14 1
36 15 31
36 18 37
36 20 40
36 25 36
36 27 27
36 28 2
36 32 18
36 33 30
36 35 24
37 2 8
37 6 3
37 9 5
37 11 41
37 12 1
37 14 14
37 15 21
37 16 40
37 19 14
37 22 38
37 24 14
37 27 42
37 28 20
37 29 29
37 33 37
37 36 28
38 2 17
38 7 14
38 8 8
38 9 27
38 10 21
38 12 2
38 14 37
38 16 26
38 18 22
38 21 19
38 22 35
38 24 16
38 25 25
38 26 21
38 27 13
38 28 40
38 33 4
38 34 8
39 2 3
39 3 38
39 4 18
39 8 36
39 10 10
39 11 40
39 13 11
39 17 13
39 19 36
39 20 28
39 22 28
39 23 10
39 25 30
39 26 41
39 27 10
39 29 22
39 32 19
39 33 35
39 34 18
39 36 9
39 38 29
40 1 8
40 4 2
40 6 13
40 7 17
40 9 2
40 10 14
40 11 29
40 13 38
40 14 41
40 15 39
40 16 38
40 17 33
40 22 40
40 23 14
40 29 11
40 31 10
40 32 13
40 34 29
40 36 0
40 37 13
40 38 24
41 0 8
41 2 37
41 3 17
41 4 16
41 5 40
41 6 21
41 7 11
41 9 31
41 12 40
41 14 21
41 15 27
41 16 42
41 18 11
41 19 38
41 21 39
41 22 17
41 23 42
41 24 36
41 26 11
41 29 7
41 30 23
41 31 29
41 32 20
41 33 19
41 34 41
41 35 8
41 39 9
42 2 29
42 4 41
42 6 34
42 7 27
42 8 34
42 9 18
42 10 34
42 14 28
42 16 12
42 17 18
42 18 27
42 20 1
42 22 22
42 23 19
42 24 6
42 29 35
42 30 38
42 32 8
42 37 26
42 38 1
42 40 32
43 0 10
43 2 30
43 8 31
43 10 40
43 12 13
43 14 11
43 15 0
43 18 37
43 19 13
43 20 26
43 22 20
43 24 26
43 25 17
43 28 23
43 30 5
43 31 15
43 34 30
43 35 3
43 37 0
43 39 15
43 40 1
44 1 27
44 5 16
44 6 19
44 7 23
44 9 1
44 10 13
44 11 6
44 12 33
44 13 8
44 17 27
44 18 18
44 19 40
44 22 38
44 24 26
44 25 25
44 29 26
44 30 20
44 31 36
44 33 7
44 34 10
44 35 15
44 36 7
44 37 26
44 38 41
44 43 34
45 0 28
45 1 11
45 9 0
45 10 37
45 11 16
45 12 7
45 13 10
45 14 30
45 15 30
45 16 10
45 19 19
45 20 15
45 22 36
45 23 42
45 24 27
45 25 22
45 26 26
45 27 13
45 28 36
45 30 7
45 31 27
45 32 34
45 33 3
45 34 13
45 35 35
45 36 12
45 40 11
45 41 32
45 42 16
45 43 16
46 0 42
46 1 2
46 2 22
46 6 29
46 9 8
46 10 4
46 12 7
46 13 33
46 14 36
46 15 9
46 17 9
46 19 7
46 21 29
46 22 19
46 23 17
46 24 20
46 25 29
46 29 31
46 32 11
46 33 24
46 35 17
46 38 32
46 39 20
46 40 18
46 41 3
46 42 2
47 0 40
47 3 3
47 5 2
47 7 25
47 8 25
47 10 8
47 17 4
47 20 17
47 21 11
47 23 30
47 25 13
47 29 26
47 32 3
47 33 14
47 34 17
47 35 1
47 36 22
47 37 9
47 38 31
47 39 41
47 40 18
47 44 32
47 45 25
47 47 16
48 1 32
48 2 13
48 3 1
48 11 23
48 14 23
48 15 7
48 16 13
48 18 6
48 19 41
48 20 39
48 21 30
48 22 17
48 28 10
48 30 37
48 32 34
48 33 17
48 37 16
48 38 0
48 39 7
48 41 24
48 44 28
48 45 20
48 46 38
48 47 33
48 48 32
49 1 37
49 2 29
49 3 4
49 4 9
49 5 15
49 6 18
49 8 17
49 9 7
49 11 23
49 12 26
49 13 37
49 16 3
49 17 3
49 18 20
49 20 23
49 23 15
49 25 1
49 26 11
49 27 33
49 29 14
49 32 7
49 35 29
49 36 41
49 37 35
49 39 39
49 40 36
49 44 29
49 45 34
49 47 22
50 0 39
50 1 25
50 4 27
50 6 8
50 8 26
50 10 20
50 14 22
50 17 26
50 20 38
50 27 3
50 29 33
50 31 27
50 36 34
50 38 41
50 39 34
50 41 42
50 42 19
50 44 11
50 45 18
50 46 3
50 50 35
51 0 33
51 1 39
51 2 1
51 4 34
51 5 21
51 7 32
51 10 15
51 11 22
51 14 29
51 15 26
51 16 0
51 17 8
51 19 29
51 20 6
51 21 23
51 24 5
51 25 29
51 28 0
51 29 23
51 31 29
51 34 11
51 38 26
51 42 14
51 46 29
51 47 6
51 48 29
51 49 30
52 1 36
52 2 28
52 3 41
52 6 9
52 7 35
52 10 2
52 11 30
52 12 3
52 13 2
52 16 7
52 19 10
52 20 0
52 22 2
52 23 30
52 25 26
52 29 20
52 30 22
52 31 42
52 35 12
52 39 12
52 40 7
52 41 29
52 42 11
52 45 30
52 46 42
52 47 42
52 49 40
52 50 22
52 51 30
53 0 30
53 3 28
53 5 36
53 6 27
53 7 36
53 11 15
53 12 10
53 15 6
53 19 2
53 20 40
53 21 12
53 24 42
53 25 19
53 28 16
53 29 4
53 31 24
53 33 38
53 34 22
53 36 2
53 38 5
53 39 18
53 40 39
53 43 9
53 46 35
53 48 2
53 49 7
53 53 35
54 0 29
54 2 8
54 3 0
54 6 32
54 8 35
54 9 14
54 10 33
54 11 40
54 12 6
54 14 0
54 15 0
54 17 12
54 19 42
54 20 28
54 21 33
54 22 16
54 24 0
54 28 39
54 29 3
54 32 40
54 38 33
54 40 39
54 43 21
54 44 26
54 45 5
54 46 40
54 47 41
54 48 23
54 50 13
54 51 40
55 1 29
55 2 8
55 10 41
55 11 4
55 14 37
55 17 2
55 19 34
55 21 37
55 22 38
55 24 1
55 27 36
55 28 4
55 29 4
55 30 14
55 32 33
55 34 1
55 36 25
55 37 24
55 42 32
55 45 28
55 48 26
55 50 15
55 51 23
55 52 0
55 54 7
56 0 14
56 1 8
56 6 33
56 8 36
56 11 10
56 14 20
56 15 28
56 17 21
56 18 38
56 20 25
56 25 12
56 27 35
56 28 11
56 32 13
56 34 10
56 36 2
56 41 32
56 43 23
56 44 37
56 48 0
56 51 33
56 52 26
56 53 24
56 54 2
57 1 42
57 3 30
57 6 41
57 9 31
57 10 4
57 11 37
57 12 9
57 13 20
57 18 11
57 22 30
57 24 2
57 25 20
57 26 12
57 27 21
57 28 19
57 32 17
57 33 4
57 35 8
57 42 14
57 45 33
57 46 2
57 52 17
57 53 3
57 54 31
57 55 10
57 56 18
57 57 30
58 0 13
58 7 5
58 10 36
58 11 9
58 12 16
58 17 27
58 18 15
58 20 25
58 21 16
58 22 20
58 23 18
58 24 37
58 25 9
58 28 15
58 29 33
58 30 19
58 32 35
58 38 26
58 39 31
58 40 34
58 41 38
58 43 3
58 44 38
58 45 0
58 47 6
58 49 16
58 51 3
58 52 23
58 53 18
58 55 39
58 56 40
58 57 2
58 58 20
59 0 26
59 1 29
59 2 27
59 3 7
59 4 2
59 7 18
59 8 39
59 10 27
59 14 17
59 16 2
59 17 19
59 19 41
59 21 3
59 22 14
59 23 32
59 24 29
59 26 26
59 28 31
59 29 35
59 30 31
59 34 6
59 36 30
59 38 17
59 39 42
59 42 38
59 43 38
59 44 17
59 46 12
59 47 4
59 49 28
59 50 14
59 54 36
59 56 13
60 1 39
60 4 18
60 7 21
60 8 29
60 9 0
60 10 34
60 11 42
60 15 22
60 17 10
60 18 15
60 19 19
60 20 15
60 22 18
60 24 20
60 25 24
60 29 27
60 31 6
60 33 22
60 34 11
60 38 9
60 39 1
60 40 20
60 41 25
60 42 33
60 43 21
60 48 16
60 49 24
60 53 41
60 54 3
60 55 19
60 57 11
60 58 26
61 0 28
61 1 13
61 5 21
61 8 21
61 12 25
61 13 1
61 15 39
61 16 23
61 18 20
61 21 20
61 22 7
61 23 10
61 25 36
61 26 40
61 27 23
61 29 41
61 30 24
61 33 40
61 34 20
61 35 1
61 37 28
61 41 14
61 43 12
61 44 1
61 45 17
61 48 21
61 49 38
61 54 20
61 55 34
62 0 14
62 1 38
62 2 26
62 3 4
62 6 38
62 7 28
62 8 14
62 12 42
62 15 12
62 18 30
62 19 26
62 21 33
62 24 14
62 25 8
62 27 35
62 28 8
62 29 6
62 30 12
62 31 40
62 32 30
62 33 2
62 35 28
62 36 25
62 37 10
62 38 18
62 39 22
62 40 11
62 42 14
62 45 42
62 47 9
62 48 41
62 53 31
62 55 22
62 56 28
62 57 17
62 61 0
63 0 5
63 2 29
63 3 16
63 4 21
63 5 21
63 6 9
63 7 27
63 8 1
63 11 30
63 13 18
63 16 29
63 17 34
63 18 28
63 20 24
63 23 32
63 27 26
63 30 9
63 31 29
63 34 35
63 35 11
63 36 31
63 41 21
63 42 27
63 44 5
63 45 6
63 46 20
63 47 1
63 50 30
63 51 29
63 52 28
63 54 24
63 56 42
63 60 25
63 62 39
64 1 36
64 2 17
64 3 34
64 5 12
64 6 26
64 9 23
64 10 27
64 12 10
64 14 27
64 16 27
64 17 12
64 19 2
64 21 15
64 24 10
64 25 38
64 28 2
64 29 16
64 33 35
64 35 33
64 37 12
64 40 38
64 41 5
64 42 25
64 43 8
64 44 8
64 46 5
64 47 21
64 51 40
64 52 13
64 56 2
64 58 40
64 60 26
64 61 26
64 62 25
65 0 13
65 1 34
65 3 3
65 5 22
65 6 42
65 8 2
65 9 25
65 10 21
65 13 3
65 15 32
65 17 31
65 18 10
65 19 30
65 20 31
65 22 27
65 24 33
65 25 25
65 26 38
65 28 23
65 33 20
65 38 32
65 40 37
65 41 18
65 42 28
65 45 29
65 47 4
65 50 24
65 51 27
65 53 36
65 54 32
65 57 9
65 59 31
65 64 13
66 3 12
66 4 18
66 5 27
66 6 31
66 8 18
66 11 3
66 12 0
66 13 32
66 15 19
66 16 21
66 18 4
66 20 26
66 22 26
66 24 17
66 26 2
66 30 20
66 32 41
66 34 20
66 38 18
66 39 29
66 45 25
66 46 2
66 47 23
66 48 8
66 53 15
66 54 4
66 56 31
66 57 22
66 58 8
66 59 13
66 61 31
66 62 13
66 63 13
67 2 34
67 4 18
67 5 1
67 7 8
67 9 15
67 10 30
67 13 22
67 14 18
67 20 38
67 25 13
67 26 38
67 27 0
67 31 3
67 32 24
67 34 42
67 35 38
67 36 7
67 40 24
67 41 4
67 42 16
67 57 9
67 58 15
67 60 9
67 64 31
67 65 30
67 66 3
67 67 17
68 0 41
68 1 4
68 4 9
68 7 30
68 9 36
68 10 5
68 11 37
68 13 42
68 15 19
68 16 34
68 17 27
68 18 39
68 19 17
68 21 32
68 22 11
68 23 2
68 24 42
68 26 35
68 28 1
68 29 35
68 30 20
68 31 34
68 32 31
68 33 35
68 34 3
68 36 23
68 37 9
68 38 22
68 40 33
68 41 41
68 43 40
68 44 11
68 47 21
68 48 19
68 51 10
68 52 29
68 54 28
68 55 14
68 60 40
68 61 30
68 63 25
68 64 10
68 65 9
68 67 42
69 0 34
69 2 6
69 8 10
69 9 20
69 10 42
69 13 2
69 14 4
69 16 41
69 20 5
69 21 2
69 22 34
69 25 26
69 27 7
69 28 23
69 29 39
69 35 19
69 36 24
69 39 31
69 43 28
69 44 40
69 45 25
69 48 2
69 50 34
69 51 40
69 59 33
69 63 0
69 67 35
70 5 3
70 6 26
70 9 27
70 11 35
70 13 20
70 15 8
70 16 16
70 19 13
70 21 27
70 24 30
70 25 38
70 30 25
70 31 40
70 32 11
70 34 15
70 40 24
70 45 2
70 46 30
70 47 28
70 48 31
70 49 30
70 50 4
70 51 21
70 56 8
70 58 35
70 61 27
70 62 32
70 64 0
70 67 26
70 68 14
70 69 13
70 70 25
71 0 39
71 1 31
71 5 25
71 10 15
71 11 37
71 14 4
71 16 32
71 19 39
71 20 30
71 22 18
71 26 33
71 28 32
71 34 34
71 35 29
71 37 28
71 38 17
71 41 29
71 44 14
71 47 12
71 49 35
71 50 26
71 52 27
71 53 4
71 54 5
71 59 38
71 62 1
71 64 35
71 65 35
71 66 27
71 67 22
71 68 9
72 0 13
72 1 4
72 2 14
72 3 13
72 4 34
72 5 4
72 9 27
72 11 32
72 12 37
72 13 33
72 15 1
72 16 21
72 20 5
72 23 26
72 25 6
72 29 35
72 30 19
72 33 28
72 35 29
72 38 5
72 41 31
72 42 35
72 43 28
72 44 33
72 46 9
72 47 42
72 48 17
72 55 40
72 56 29
72 58 0
72 59 25
72 60 31
72 61 32
72 63 40
72 64 12
72 66 14
72 68 4
72 70 21
72 71 10
72 72 11
73 2 28
73 3 25
73 4 19
73 6 10
73 9 36
73 11 17
73 12 37
73 13 38
73 15 39
73 16 16
73 20 31
73 21 35
73 24 26
73 25 17
73 26 21
73 27 30
73 28 30
73 29 6
73 31 9
73 32 34
73 33 0
73 38 15
73 39 17
73 44 37
73 46 11
73 47 31
73 48 30
73 49 27
73 50 17
73 54 1
73 55 10
73 57 24
73 67 42
73 68 1
73 70 35
74 1 28
74 2 16
74 3 42
74 5 1
74 7 24
74 8 23
74 9 9
74 15 18
74 16 9
74 19 9
74 22 40
74 24 19
74 26 28
74 27 25
74 29 35
74 30 23
74 31 23
74 34 7
74 39 36
74 40 37
74 42 2
74 43 1
74 44 42
74 45 22
74 46 31
74 54 8
74 55 34
74 56 5
74 57 17
74 59 31
74 61 17
74 62 21
74 63 2
74 64 38
74 65 4
74 67 23
74 71 12
74 73 7
75 0 23
75 1 2
75 4 13
75 5 24
75 6 5
75 7 4
75 8 17
75 13 31
75 14 42
75 20 7
75 21 33
75 24 33
75 27 11
75 33 35
75 36 21
75 37 25
75 38 11
75 40 5
75 45 34
75 47 36
75 49 12
75 55 3
75 56 8
75 57 19
75 58 10
75 60 25
75 61 0
75 63 39
75 66 24
75 68 38
75 69 33
75 73 42
76 0 16
76 3 13
76 6 9
76 7 32
76 10 14
76 12 14
76 13 21
76 16 19
76 19 18
76 20 42
76 27 0
76 30 33
76 37 38
76 38 17
76 39 6
76 40 41
76 41 30
76 42 33
76 43 28
76 45 7
76 47 30
76 48 36
76 51 40
76 52 9
76 53 12
76 55 22
76 58 25
76 59 14
76 60 22
76 61 21
76 62 17
76 64 9
76 69 42
76 73 27
76 74 4
77 0 29
77 1 25
77 6 9
77 7 18
77 8 4
77 13 18
77 16 24
77 17 31
77 21 11
77 33 38
77 34 19
77 35 33
77 39 19
77 41 21
77 45 33
77 47 6
77 48 17
77 50 35
77 52 42
77 54 4
77 56 12
77 64 25
77 65 19
77 66 19
77 67 5
77 71 14
77 74 34
77 76 4
78 1 38
78 2 33
78 3 31
78 4 32
78 12 13
78 13 5
78 14 6
78 16 3
78 17 19
78 18 0
78 20 25
78 21 19
78 26 42
78 27 27
78 29 27
78 30 42
78 31 34
78 32 16
78 35 6
78 36 8
78 37 23
78 38 36
78 39 40
78 40 31
78 41 19
78 43 24
78 44 8
78 46 38
78 49 29
78 50 32
78 52 28
78 54 40
78 55 33
78 57 42
78 58 2
78 60 16
78 61 33
78 66 28
78 67 36
78 69 14
78 76 21
79 0 39
79 2 39
79 4 40
79 5 32
79 6 30
79 7 15
79 9 31
79 10 3
79 11 9
79 13 22
79 14 9
79 16 35
79 17 28
79 18 16
79 19 1
79 20 12
79 21 30
79 24 42
79 26 42
79 30 3
79 32 37
79 34 30
79 35 23
79 39 40
79 41 26
79 42 4
79 46 17
79 48 16
79 49 42
79 50 10
79 51 3
79 53 13
79 54 6
79 55 35
79 56 31
79 57 29
79 58 23
79 59 10
79 60 39
79 64 40
79 66 37
79 67 25
79 68 40
79 69 17
79 72 0
79 73 21
79 75 39
79 76 12
79 77 10
80 1 36
80 2 34
80 3 21
80 6 4
80 7 16
80 9 32
80 14 21
80 15 20
80 16 27
80 18 14
80 22 7
80 23 19
80 24 41
80 25 33
80 27 23
80 29 31
80 31 23
80 32 27
80 34 24
80 37 42
80 38 33
80 39 30
80 41 15
80 43 14
80 45 2
80 47 6
80 48 38
80 49 6
80 51 24
80 54 13
80 55 6
80 56 13
80 58 2
80 61 31
80 63 36
80 64 1
80 67 17
80 69 37
80 70 32
80 71 28
80 72 21
80 74 31
80 77 30
80 79 16
80 80 4
81 0 36
81 1 28
81 6 35
81 9 11
81 12 31
81 13 25
81 15 35
81 16 25
81 17 20
81 20 31
81 22 34
81 23 2
81 28 6
81 29 27
81 34 23
81 35 37
81 36 38
81 39 29
81 42 17
81 43 4
81 45 6
81 47 31
81 49 18
81 55 3
81 57 22
81 58 35
81 59 25
81 60 18
81 62 14
81 64 42
81 65 4
81 66 20
81 67 33
81 69 31
81 71 34
81 72 7
81 74 42
81 75 6
81 77 11
82 2 4
82 3 7
82 4 13
82 5 37
82 6 0
82 7 27
82 9 17
82 10 22
82 14 5
82 17 27
82 18 20
82 19 27
82 21 15
82 22 14
82 23 25
82 25 5
82 26 28
82 28 16
82 29 4
82 31 35
82 34 26
82 37 14
82 38 10
82 39 30
82 41 41
82 46 17
82 48 32
82 53 38
82 54 39
82 57 37
82 59 32
82 61 38
82 63 30
82 65 38
82 68 27
82 69 29
82 71 0
82 72 27
82 73 18
82 75 12
82 78 35
82 81 11
83 0 7
83 2 14
83 4 23
83 6 13
83 10 22
83 11 42
83 12 22
83 17 34
83 18 31
83 20 1
83 21 30
83 23 13
83 24 11
83 25 10
83 27 21
83 29 10
83 30 23
83 32 30
83 34 15
83 36 3
83 37 26
83 40 16
83 41 26
83 45 7
83 50 24
83 53 38
83 54 23
83 55 40
83 56 27
83 57 15
83 59 34
83 60 21
83 62 37
83 64 1
83 66 39
83 68 0
83 69 7
83 70 41
83 71 15
83 72 20
83 73 20
83 74 21
83 80 23
84 1 13
84 4 7
84 8 7
84 11 7
84 13 2
84 14 39
84 16 2
84 17 34
84 20 24
84 23 2
84 25 13
84 29 35
84 30 23
84 31 10
84 32 33
84 34 5
84 35 38
84 38 40
84 43 28
84 44 28
84 45 8
84 46 33
84 47 10
84 49 14
84 50 23
84 51 5
84 52 24
84 53 16
84 54 21
84 57 21
84 58 12
84 59 19
84 60 25
84 61 3
84 64 39
84 65 31
84 66 22
84 68 40
84 69 25
84 70 26
84 71 8
84 76 23
84 81 39
84 82 20
84 83 34
85 1 40
85 8 3
85 9 8
85 10 22
85 11 0
85 13 26
85 15 2
85 16 41
85 18 32
85 20 13
85 22 22
85 23 24
85 26 9
85 27 24
85 28 40
85 30 11
85 31 6
85 33 14
85 36 41
85 42 27
85 44 19
85 45 33
85 49 17
85 50 38
85 59 13
85 62 8
85 63 30
85 64 42
85 67 30
85 70 16
85 71 34
85 72 21
85 76 28
85 79 6
85 85 17
86 3 17
86 5 38
86 6 20
86 7 34
86 10 12
86 11 25
86 13 2
86 20 12
86 21 2
86 22 17
86 23 41
86 26 6
86 28 21
86 29 0
86 34 7
86 35 24
86 38 17
86 41 0
86 42 0
86 44 12
86 46 4
86 49 32
86 51 10
86 54 2
86 55 3
86 56 4
86 58 39
86 60 23
86 64 15
86 66 39
86 67 19
86 68 37
86 69 38
86 72 1
86 74 26
86 76 21
86 78 8
86 79 17
86 80 35
86 81 22
86 84 17
86 85 30
87 0 5
87 2 18
87 4 16
87 6 30
87 10 3
87 13 14
87 16 0
87 20 29
87 22 28
87 23 19
87 24 24
87 26 18
87 27 9
87 30 42
87 32 4
87 34 11
87 35 16
87 36 36
87 37 36
87 39 5
87 41 18
87 43 32
87 44 42
87 47 15
87 51 33
87 55 9
87 59 1
87 60 18
87 62 3
87 64 18
87 69 7
87 70 16
87 75 7
87 79 25
87 81 31
87 82 18
87 83 22
87 84 14
87 85 13
87 87 2
88 0 33
88 2 36
88 4 21
88 10 12
88 11 41
88 12 22
88 13 20
88 14 2
88 17 20
88 18 20
88 20 1
88 23 16
88 26 39
88 28 12
88 30 17
88 33 0
88 35 12
88 36 37
88 37 24
88 38 1
88 39 30
88 40 17
88 41 35
88 42 3
88 44 35
88 49 7
88 52 6
88 55 3
88 56 24
88 57 18
88 58 1
88 62 15
88 67 11
88 68 31
88 69 36
88 70 13
88 71 17
88 74 4
88 77 39
88 78 7
88 79 2
88 82 2
88 83 10
88 84 24
88 86 5
89 1 0
89 3 2
89 6 16
89 7 35
89 9 18
89 17 41
89 22 11
89 24 10
89 25 9
89 27 25
89 31 13
89 32 22
89 35 4
89 36 11
89 39 16
89 40 6
89 41 28
89 48 20
89 49 1
89 51 40
89 53 19
89 57 21
89 61 25
89 62 22
89 63 37
89 64 30
89 65 28
89 66 34
89 70 33
89 73 19
89 74 1
89 76 14
89 77 14
89 83 19
89 86 32
89 87 26
90 1 40
90 2 31
90 3 37
90 5 24
90 6 32
90 8 35
90 9 40
90 11 28
90 12 12
90 15 6
90 17 30
90 18 35
90 19 33
90 24 4
90 25 38
90 27 40
90 28 42
90 30 24
90 33 14
90 34 1
90 38 15
90 39 40
90 40 5
90 41 8
90 45 41
90 46 37
90 47 16
90 48 21
90 51 37
90 52 38
90 53 39
90 54 17
90 55 9
90 57 15
90 61 41
90 62 8
90 65 30
90 66 8
90 69 3
90 70 21
90 72 20
90 73 27
90 74 6
90 75 0
90 78 6
90 79 4
90 84 32
90 85 35
90 86 1
90 87 33
90 88 16
91 0 11
91 3 41
91 4 6
91 6 15
91 10 37
91 13 36
91 14 27
91 16 36
91 17 38
91 21 31
91 22 24
91 25 38
91 26 42
91 27 41
91 28 14
91 29 34
91 31 35
91 32 18
91 40 14
91 41 41
91 43 30
91 48 24
91 50 25
91 55 15
91 59 8
91 61 37
91 62 1
91 63 17
91 64 29
91 67 21
91 68 32
91 71 34
91 74 3
91 78 36
91 80 3
91 81 9
91 82 41
91 86 38
91 89 36
91 90 30
91 91 18
92 0 7
92 1 24
92 2 23
92 4 38
92 7 3
92 8 31
92 10 5
92 12 42
92 13 16
92 16 10
92 17 30
92 18 14
92 19 13
92 21 12
92 22 24
92 23 3
92 24 8
92 26 17
92 28 26
92 29 6
92 30 4
92 34 19
92 36 31
92 37 26
92 38 42
92 39 18
92 40 16
92 43 4
92 50 18
92 51 38
92 56 5
92 57 5
92 59 38
92 63 29
92 64 30
92 67 28
92 68 1
92 72 26
92 74 18
92 75 36
92 77 27
92 78 28
92 79 40
92 82 27
92 83 21
92 84 34
92 85 15
92 88 24
92 89 31
93 3 11
93 4 10
93 5 14
93 8 5
93 9 23
93 10 2
93 11 10
93 14 42
93 15 0
93 16 6
93 17 1
93 18 4
93 19 6
93 21 15
93 23 4
93 25 16
93 27 38
93 28 40
93 32 42
93 33 32
93 34 2
93 35 25
93 37 4
93 39 42
93 40 35
93 43 6
93 44 22
93 45 1
93 46 30
93 47 3
93 49 30
93 51 12
93 52 0
93 54 18
93 58 14
93 63 9
93 64 5
93 67 27
93 73 21
93 74 40
93 76 15
93 79 38
93 80 21
93 84 9
93 85 34
93 87 41
93 88 40
93 92 24
94 4 37
94 5 29
94 6 32
94 7 38
94 8 34
94 9 4
94 10 15
94 11 11
94 12 8
94 13 35
94 14 28
94 16 24
94 18 23
94 20 17
94 23 12
94 24 23
94 25 28
94 27 30
94 29 10
94 31 37
94 32 25
94 33 25
94 34 42
94 35 3
94 36 9
94 37 25
94 39 20
94 40 32
94 41 36
94 45 5
94 46 0
94 47 4
94 48 1
94 50 15
94 51 27
94 52 9
94 54 8
94 56 36
94 57 13
94 58 6
94 61 22
94 62 17
94 63 22
94 64 4
94 65 26
94 66 29
94 67 2
94 68 14
94 69 25
94 71 5
94 73 2
94 75 15
94 76 11
94 77 34
94 78 19
94 80 8
94 81 3
94 82 38
94 84 3
94 85 16
94 87 31
94 90 36
94 92 25
94 93 21
94 94 32
95 5 4
95 6 10
95 10 37
95 11 41
95 14 28
95 19 40
95 20 28
95 21 4
95 23 9
95 31 41
95 37 21
95 38 32
95 39 37
95 41 28
95 45 2
95 46 7
95 50 7
95 53 6
95 54 18
95 55 6
95 58 41
95 59 24
95 60 17
95 64 31
95 65 42
95 68 17
95 71 25
95 72 0
95 73 1
95 74 31
95 76 1
95 77 32
95 80 31
95 81 20
95 86 3
95 87 41
95 88 34
95 89 29
95 90 27
95 91 30
95 93 40
95 94 5
95 95 22
96 0 40
96 5 37
96 6 35
96 7 14
96 8 0
96 12 0
96 13 26
96 14 0
96 15 37
96 16 28
96 18 39
96 20 13
96 22 21
96 23 3
96 24 37
96 25 13
96 26 9
96 29 20
96 30 19
96 31 33
96 33 31
96 35 11
96 39 19
96 46 39
96 48 7
96 50 8
96 52 14
96 53 12
96 55 39
96 56 33
96 57 33
96 61 26
96 63 25
96 67 7
96 69 37
96 70 32
96 74 17
96 75 42
96 76 8
96 77 37
96 78 8
96 81 7
96 82 23
96 83 5
96 84 38
96 85 18
96 87 33
96 88 37
96 89 14
97 0 35
97 2 30
97 3 2
97 5 5
97 6 15
97 10 9
97 11 20
97 12 40
97 15 10
97 16 33
97 17 30
97 20 39
97 21 11
97 22 17
97 25 27
97 30 30
97 31 42
97 32 38
97 34 10
97 36 35
97 37 35
97 38 12
97 42 22
97 43 21
97 45 13
97 46 26
97 47 26
97 48 37
97 51 16
97 53 14
97 55 5
97 56 20
97 59 18
97 61 15
97 63 30
97 66 15
97 68 21
97 69 22
97 71 17
97 73 32
97 75 37
97 78 28
97 79 36
97 81 7
97 83 39
97 84 1
97 88 22
97 90 2
97 91 32
97 93 13
97 94 14
97 96 13
98 1 10
98 3 5
98 4 26
98 6 3
98 8 27
98 9 3
98 11 15
98 12 33
98 15 4
98 16 15
98 17 32
98 24 7
98 25 39
98 26 33
98 27 42
98 29 19
98 31 18
98 33 19
98 34 16
98 35 17
98 36 12
98 39 41
98 40 11
98 45 29
98 48 40
98 51 38
98 52 35
98 53 12
98 54 31
98 55 32
98 56 26
98 57 15
98 59 9
98 61 14
98 65 41
98 69 26
98 71 11
98 72 30
98 74 17
98 75 17
98 76 39
98 77 22
98 78 13
98 82 24
98 83 15
98 84 3
98 88 40
98 89 1
98 91 2
98 93 3
98 94 34
98 96 40
99 1 29
99 3 8
99 4 11
99 5 36
99 6 13
99 9 24
99 19 35
99 21 26
99 27 20
99 28 35
99 30 41
99 33 16
99 34 18
99 36 31
99 38 38
99 40 3
99 41 20
99 42 0
99 43 38
99 44 25
99 46 33
99 47 31
99 52 25
99 53 4
99 55 2
99 57 7
99 61 29
99 62 13
99 64 22
99 66 15
99 67 22
99 70 41
99 71 11
99 72 24
99 77 0
99 78 27
99 80 31
99 81 15
99 83 2
99 84 30
99 85 1
99 86 5
99 87 41
99 90 35
99 95 19
99 97 7
