100 2525
0 0 35
1 0 0
1 1 19
2 0 33
2 1 21
3 0 35
3 2 11
3 3 3
4 0 15
4 3 19
4 4 21
5 1 7
5 2 16
5 3 24
6 4 22
6 6 17
7 0 28
7 2 6
7 3 41
7 4 40
7 5 24
7 6 28
7 7 22
8 0 0
8 1 6
8 2 16
8 4 29
8 7 34
9 2 11
9 4 37
9 6 2
9 8 32
10 1 2
10 4 42
10 5 28
11 0 14
11 1 6
11 5 31
11 10 13
12 0 36
12 1 5
12 3 29
12 6 19
12 7 33
12 8 7
12 11 21
13 3 7
13 4 16
13 9 23
13 10 18
13 11 30
14 2 32
14 3 20
14 7 2
14 8 15
14 11 22
15 3 17
15 4 21
15 5 17
15 7 32
15 8 28
15 11 19
15 12 35
15 13 26
15 14 16
15 15 14
16 1 38
16 2 24
16 3 13
16 5 9
16 7 7
16 8 42
16 11 24
16 12 19
17 0 14
17 13 17
17 14 39
17 15 42
18 0 32
18 1 3
18 2 12
18 3 4
18 7 4
18 8 10
18 9 2
18 14 30
18 16 35
18 17 6
19 0 30
19 2 15
19 4 23
19 7 0
19 10 30
19 11 31
19 13 16
19 14 4
19 18 30
19 19 17
20 6 3
20 8 0
20 10 8
20 11 23
20 14 38
20 16 11
20 17 2
21 5 25
21 7 33
21 9 15
21 10 30
21 11 36
21 15 13
22 4 28
22 5 18
22 6 12
22 8 33
22 13 4
22 15 2
22 16 32
22 19 4
22 20 19
22 22 3
23 2 28
23 11 40
23 13 7
23 14 26
23 18 17
23 20 38
23 21 38
24 0 6
24 1 36
24 2 4
24 3 26
24 4 20
24 5 32
24 6 29
24 8 30
24 17 29
24 19 10
24 22 2
24 24 12
25 2 34
25 6 19
25 8 27
25 13 29
25 14 4
25 18 6
25 19 2
25 20 27
25 22 30
25 23 33
25 24 26
26 1 41
26 2 26
26 3 4
26 5 28
26 8 29
26 10 15
26 13 18
26 15 12
26 16 16
26 18 9
26 20 26
26 24 24
26 26 16
27 1 16
27 2 34
27 3 15
27 4 12
27 5 33
27 7 3
27 8 23
27 11 27
27 13 13
27 14 21
27 17 33
27 18 31
27 19 9
27 20 4
27 21 37
27 25 5
28 0 18
28 5 8
28 10 16
28 14 17
28 15 6
28 16 22
28 18 29
28 19 31
28 20 41
28 22 9
28 23 0
28 25 31
28 26 23
29 1 12
29 4 12
29 5 27
29 8 39
29 9 8
29 15 22
29 20 25
29 21 41
29 23 20
29 24 1
29 26 38
30 1 23
30 2 22
30 3 40
30 9 42
30 10 17
30 11 3
30 12 29
30 16 30
30 17 34
30 18 28
30 20 9
30 21 32
30 22 7
30 23 27
30 24 29
30 25 19
30 26 5
30 27 35
30 28 22
31 0 23
31 3 21
31 5 24
31 6 33
31 8 3
31 11 9
31 13 39
31 17 8
31 21 4
31 25 21
31 27 21
32 0 10
32 6 5
32 8 17
32 9 24
32 12 16
32 13 11
32 17 16
32 19 4
32 20 33
32 22 15
32 26 11
32 28 16
32 29 6
32 31 30
33 2 39
33 3 29
33 4 16
33 6 26
33 10 5
33 11 12
33 12 0
33 13 14
33 16 38
33 20 2
33 22 9
33 23 5
33 24 37
33 25 20
33 27 19
33 28 35
33 31 2
34 1 31
34 3 20
34 4 32
34 6 27
34 7 24
34 8 18
34 9 30
34 12 21
34 13 25
34 16 33
34 19 28
34 20 12
34 23 0
34 25 12
34 28 35
34 29 42
34 30 26
34 33 13
35 2 31
35 8 26
35 9 36
35 14 30
35 15 11
35 16 12
35 17 1
35 18 23
35 20 4
35 21 17
35 22 7
35 25 11
35 27 14
35 29 13
35 30 19
35 31 40
35 32 39
35 34 37
36 0 15
36 1 24
36 2 3
36 3 10
36 7 12
36 9 30
36 12 24
36 13 14
36 15 25
36 16 34
36 19 32
36 21 10
36 22 13
36 23 14
36 27 27
36 28 29
36 29 17
36 30 34
37 6 28
37 8 30
37 10 14
37 12 4
37 13 23
37 14 2
37 16 16
37 17 27
37 20 26
37 26 12
37 27 27
37 28 40
37 29 16
37 32 42
37 34 18
38 0 31
38 1 32
38 3 24
38 4 22
38 5 38
38 6 1
38 7 16
38 8 39
38 9 25
38 14 4
38 16 9
38 17 32
38 18 41
38 21 1
38 22 42
38 25 7
38 27 23
38 30 2
38 31 1
38 32 21
38 36 11
38 37 36
39 0 1
39 4 13
39 6 18
39 7 35
39 8 36
39 9 24
39 12 14
39 20 13
39 21 33
39 22 2
39 23 39
39 25 7
39 27 13
39 29 35
39 31 5
39 35 1
40 0 18
40 2 29
40 3 16
40 6 21
40 9 13
40 10 15
40 13 36
40 14 39
40 16 41
40 17 30
40 20 35
40 22 9
40 23 6
40 26 5
40 29 11
40 30 39
40 38 41
41 0 13
41 1 28
41 2 23
41 4 13
41 5 7
41 8 13
41 9 35
41 11 39
41 15 18
41 16 14
41 18 12
41 19 6
41 20 26
41 23 33
41 26 9
41 28 30
41 29 21
41 30 40
41 33 18
41 35 15
41 36 4
42 2 23
42 4 25
42 7 19
42 8 32
42 11 32
42 14 32
42 15 35
42 18 8
42 23 42
42 24 24
42 25 39
42 31 0
42 32 31
42 34 39
42 35 1
42 38 8
42 39 36
42 40 25
42 41 23
43 1 25
43 2 27
43 3 15
43 6 39
43 14 9
43 15 1
43 16 6
43 17 7
43 20 1
43 21 12
43 22 15
43 23 31
43 24 5
43 28 0
43 31 38
43 32 6
43 33 39
43 34 13
43 37 16
43 38 3
44 0 24
44 1 14
44 5 2
44 7 1
44 8 8
44 10 22
44 11 32
44 12 17
44 15 29
44 17 22
44 20 33
44 23 33
44 26 30
44 27 26
44 29 17
44 31 32
44 34 14
44 36 23
44 38 28
44 40 13
44 41 23
44 42 11
44 44 22
45 1 11
45 5 8
45 8 32
45 9 6
45 10 18
45 12 31
45 13 30
45 14 8
45 16 14
45 18 24
45 22 39
45 25 5
45 30 7
45 31 14
45 34 18
45 35 2
45 37 2
45 38 40
45 42 30
45 43 3
45 44 18
46 2 37
46 3 15
46 4 31
46 6 38
46 7 41
46 8 33
46 9 19
46 13 23
46 14 36
46 15 10
46 17 26
46 18 3
46 21 23
46 23 13
46 26 32
46 28 24
46 30 40
46 35 13
46 37 2
46 38 35
46 41 10
46 42 29
46 43 6
47 0 8
47 1 42
47 2 20
47 7 22
47 8 37
47 10 20
47 12 30
47 13 9
47 17 3
47 21 30
47 22 19
47 23 15
47 24 19
47 26 32
47 27 3
47 28 32
47 29 36
47 30 36
47 31 41
47 32 23
47 33 17
47 36 33
47 37 35
47 38 3
47 39 36
47 40 14
47 41 22
47 42 18
47 43 2
47 44 18
47 46 14
48 0 31
48 1 8
48 2 29
48 3 10
48 4 34
48 5 11
48 7 5
48 8 35
48 9 33
48 10 15
48 11 0
48 12 42
48 13 25
48 14 11
48 18 19
48 19 42
48 20 11
48 21 41
48 22 18
48 25 15
48 27 31
48 28 21
48 29 28
48 31 21
48 33 35
48 39 24
48 41 42
48 42 20
48 43 32
48 44 32
48 47 8
48 48 32
49 1 17
49 8 10
49 9 37
49 10 9
49 11 35
49 13 28
49 14 33
49 15 12
49 16 32
49 18 30
49 21 26
49 23 19
49 24 9
49 26 13
49 27 8
49 28 14
49 29 8
49 32 27
49 33 41
49 34 25
49 35 31
49 36 36
49 38 35
49 40 40
49 41 35
49 48 20
50 0 19
50 1 7
50 2 3
50 3 1
50 4 13
50 8 19
50 12 30
50 13 8
50 15 28
50 16 2
50 17 3
50 19 5
50 22 8
50 24 27
50 25 18
50 26 15
50 27 42
50 28 41
50 31 41
50 32 9
50 33 22
50 34 11
50 35 26
50 37 14
50 39 25
50 43 28
50 44 18
50 45 4
50 46 6
50 50 18
51 2 17
51 4 37
51 5 24
51 6 7
51 9 13
51 10 14
51 14 3
51 16 28
51 17 37
51 19 23
51 24 13
51 29 30
51 30 27
51 33 22
51 36 27
51 40 28
51 41 32
51 43 21
51 44 3
51 45 14
51 48 23
51 49 24
51 50 35
51 51 39
52 0 15
52 4 21
52 6 39
52 8 37
52 10 3
52 12 38
52 13 33
52 14 4
52 15 42
52 19 40
52 23 24
52 24 23
52 26 33
52 27 20
52 28 24
52 30 12
52 32 10
52 33 12
52 38 3
52 40 20
52 41 36
52 42 28
52 43 36
52 45 17
52 46 8
52 50 5
53 1 42
53 10 24
53 11 35
53 13 35
53 14 25
53 15 11
53 16 36
53 17 23
53 18 3
53 19 10
53 21 12
53 23 25
53 24 8
53 26 10
53 33 27
53 35 42
53 36 41
53 40 42
53 44 29
53 50 34
53 51 25
53 52 7
54 0 26
54 1 17
54 2 21
54 3 20
54 4 1
54 5 38
54 6 20
54 9 42
54 11 21
54 14 28
54 15 20
54 17 19
54 19 38
54 20 26
54 23 26
54 24 17
54 25 40
54 27 12
54 31 23
54 32 0
54 33 4
54 34 16
54 36 18
54 38 15
54 39 10
54 40 7
54 46 1
54 49 21
54 52 6
54 53 14
54 54 28
55 1 9
55 3 35
55 8 19
55 9 27
55 10 34
55 12 7
55 13 36
55 15 35
55 17 19
55 23 42
55 24 41
55 26 20
55 28 1
55 32 6
55 33 16
55 34 17
55 35 22
55 36 8
55 38 3
55 42 2
55 43 42
55 45 17
55 47 42
55 50 27
55 51 14
55 55 35
56 0 29
56 2 23
56 11 28
56 12 26
56 13 8
56 14 39
56 16 27
56 17 16
56 18 5
56 21 5
56 23 26
56 26 39
56 28 0
56 29 19
56 30 10
56 31 38
56 32 7
56 36 30
56 38 23
56 39 14
56 40 21
56 41 17
56 43 8
56 47 26
56 49 2
56 50 39
56 52 37
56 54 19
57 0 22
57 3 22
57 4 39
57 6 39
57 7 15
57 11 14
57 14 17
57 16 1
57 17 1
57 18 27
57 19 21
57 20 29
57 22 4
57 26 1
57 30 4
57 35 5
57 38 39
57 39 21
57 40 30
57 42 35
57 43 27
57 45 42
57 47 40
57 48 30
57 50 2
57 51 36
57 52 12
57 54 18
57 55 39
57 57 36
58 0 40
58 4 14
58 5 36
58 12 38
58 14 25
58 18 17
58 19 24
58 22 14
58 23 36
58 24 14
58 25 12
58 26 15
58 27 32
58 28 33
58 29 26
58 30 21
58 31 41
58 34 3
58 35 13
58 38 9
58 39 0
58 44 7
58 45 13
58 46 24
58 49 20
58 53 39
58 55 28
58 57 23
59 0 15
59 2 10
59 6 9
59 7 25
59 8 17
59 16 37
59 20 40
59 23 22
59 24 41
59 25 29
59 26 3
59 27 34
59 29 18
59 33 5
59 39 4
59 40 6
59 43 4
59 51 30
59 53 1
59 55 32
59 58 17
60 1 35
60 4 32
60 5 20
60 8 9
60 9 33
60 13 1
60 14 33
60 16 33
60 21 41
60 23 30
60 29 41
60 30 10
60 31 13
60 33 15
60 36 11
60 37 1
60 39 24
60 40 35
60 41 35
60 43 29
60 44 41
60 45 3
60 46 14
60 49 19
60 50 1
60 53 11
60 55 23
60 56 7
60 58 14
61 1 1
61 2 23
61 7 12
61 8 35
61 9 30
61 14 16
61 15 4
61 18 37
61 22 23
61 26 4
61 28 16
61 33 10
61 35 10
61 36 22
61 37 30
61 44 39
61 51 42
61 55 7
61 56 39
61 59 11
61 60 10
62 1 25
62 3 14
62 4 3
62 5 23
62 6 41
62 8 30
62 10 18
62 11 6
62 12 2
62 14 31
62 16 3
62 17 30
62 21 4
62 24 40
62 27 34
62 30 5
62 32 9
62 35 1
62 39 21
62 42 4
62 43 24
62 47 34
62 48 24
62 50 36
62 54 38
62 55 19
62 56 15
62 58 9
62 60 14
62 61 24
62 62 11
63 0 28
63 1 38
63 4 11
63 5 10
63 7 10
63 8 40
63 11 41
63 13 20
63 16 36
63 18 37
63 19 11
63 20 13
63 21 21
63 24 21
63 27 37
63 28 38
63 29 3
63 33 30
63 34 23
63 35 6
63 36 26
63 37 22
63 38 19
63 41 1
63 42 24
63 43 10
63 46 27
63 50 13
63 53 33
63 54 30
63 55 41
63 56 26
63 57 41
63 58 9
63 59 5
64 0 22
64 3 32
64 4 37
64 6 33
64 7 11
64 8 11
64 9 38
64 10 12
64 11 16
64 17 14
64 18 22
64 19 35
64 25 25
64 26 29
64 27 8
64 31 9
64 32 0
64 33 24
64 35 10
64 36 17
64 38 32
64 39 28
64 40 0
64 41 9
64 44 40
64 45 39
64 47 39
64 50 38
64 52 8
64 54 13
64 55 27
64 56 26
64 57 9
64 59 40
64 61 28
64 62 38
64 63 26
65 0 39
65 1 21
65 3 32
65 4 29
65 7 33
65 8 35
65 9 25
65 11 13
65 12 18
65 13 18
65 17 39
65 18 0
65 19 8
65 20 26
65 28 16
65 29 1
65 31 27
65 32 27
65 33 10
65 35 34
65 36 30
65 37 33
65 39 6
65 41 25
65 42 26
65 45 38
65 48 41
65 49 21
65 51 16
65 52 12
65 53 29
65 54 35
65 57 24
65 59 42
65 60 31
65 61 8
65 62 28
65 63 38
65 65 12
66 1 42
66 2 0
66 3 29
66 5 36
66 7 17
66 8 8
66 9 32
66 10 30
66 11 40
66 12 31
66 15 25
66 19 42
66 31 40
66 32 31
66 33 25
66 34 26
66 35 33
66 39 5
66 42 8
66 44 0
66 47 3
66 49 33
66 51 38
66 55 37
66 60 36
66 61 4
66 62 8
66 64 5
66 66 11
67 0 17
67 3 10
67 5 22
67 7 35
67 9 4
67 11 7
67 12 21
67 13 32
67 15 29
67 16 17
67 18 21
67 20 7
67 21 32
67 22 33
67 23 9
67 24 32
67 25 30
67 26 14
67 34 26
67 35 4
67 36 3
67 37 4
67 38 28
67 39 37
67 40 23
67 41 30
67 42 30
67 43 18
67 45 18
67 46 0
67 47 12
67 48 21
67 50 14
67 53 34
67 54 33
67 58 7
67 59 11
67 62 33
67 64 15
67 66 34
68 3 26
68 4 21
68 5 18
68 6 16
68 7 41
68 10 24
68 11 10
68 12 29
68 13 3
68 14 38
68 15 12
68 16 17
68 17 12
68 25 5
68 26 42
68 28 27
68 29 4
68 30 23
68 31 6
68 33 21
68 34 33
68 35 4
68 37 3
68 39 7
68 40 3
68 43 0
68 45 23
68 46 5
68 48 1
68 50 25
68 51 19
68 52 26
68 54 11
68 56 26
68 61 6
68 64 42
68 66 42
68 67 11
69 3 18
69 4 29
69 5 24
69 6 12
69 8 1
69 10 3
69 11 38
69 12 42
69 13 30
69 14 30
69 15 29
69 17 36
69 18 17
69 20 4
69 21 21
69 23 28
69 24 6
69 25 11
69 34 7
69 36 38
69 37 5
69 38 3
69 41 37
69 42 35
69 43 10
69 44 20
69 47 10
69 53 3
69 54 20
69 55 35
69 57 39
69 59 35
69 61 38
69 62 8
69 63 17
69 64 15
69 65 21
69 66 7
69 67 42
69 68 36
70 0 32
70 1 4
70 2 15
70 3 6
70 4 8
70 5 33
70 6 33
70 7 38
70 8 31
70 9 41
70 12 12
70 13 0
70 15 39
70 18 38
70 19 18
70 26 28
70 27 4
70 28 16
70 29 28
70 30 29
70 31 41
70 32 2
70 34 18
70 37 12
70 39 3
70 43 39
70 45 23
70 46 20
70 47 29
70 48 3
70 50 3
70 51 0
70 52 36
70 53 31
70 57 9
70 58 31
70 59 28
70 60 29
70 63 32
70 64 39
70 66 7
70 67 25
70 68 12
70 69 2
71 0 33
71 3 18
71 5 33
71 9 8
71 10 4
71 13 30
71 19 30
71 20 36
71 21 38
71 22 23
71 25 14
71 26 18
71 27 14
71 30 40
71 31 13
71 32 40
71 35 34
71 36 38
71 37 7
71 41 2
71 43 30
71 44 23
71 47 20
71 48 6
71 52 31
71 54 33
71 56 33
71 58 6
71 60 39
71 61 2
71 63 42
71 65 14
71 66 14
71 67 41
71 68 14
72 0 32
72 1 19
72 4 35
72 5 40
72 7 34
72 8 37
72 9 25
72 10 6
72 12 8
72 13 13
72 14 2
72 15 12
72 16 37
72 17 34
72 18 1
72 20 20
72 21 23
72 22 42
72 23 0
72 25 41
72 28 35
72 30 21
72 32 24
72 37 5
72 41 40
72 42 12
72 44 32
72 46 42
72 47 21
72 50 27
72 53 23
72 54 41
72 55 32
72 58 38
72 59 19
72 60 27
72 62 7
72 66 0
72 68 9
73 0 42
73 3 31
73 4 11
73 5 3
73 6 33
73 9 27
73 10 25
73 12 32
73 13 40
73 17 18
73 18 26
73 19 37
73 21 25
73 22 1
73 23 22
73 24 39
73 25 19
73 26 12
73 28 17
73 29 38
73 35 28
73 36 10
73 39 15
73 42 34
73 44 11
73 45 10
73 47 31
73 48 42
73 49 41
73 51 19
73 52 21
73 53 29
73 55 27
73 56 22
73 57 11
73 60 0
73 63 0
73 64 14
73 66 23
73 67 12
74 2 1
74 6 0
74 8 10
74 9 8
74 10 2
74 12 39
74 14 29
74 15 28
74 17 13
74 20 17
74 21 26
74 22 32
74 24 17
74 26 35
74 27 6
74 29 19
74 30 25
74 31 19
74 32 14
74 33 8
74 34 8
74 36 27
74 38 22
74 39 22
74 45 34
74 46 4
74 47 19
74 48 12
74 54 10
74 58 34
74 60 15
74 64 42
74 67 2
74 69 10
74 72 41
74 73 22
74 74 18
75 2 5
75 6 6
75 10 35
75 11 18
75 12 21
75 16 36
75 17 1
75 19 28
75 23 1
75 26 36
75 28 8
75 32 7
75 33 32
75 34 24
75 35 20
75 37 9
75 38 18
75 39 42
75 40 9
75 42 22
75 44 17
75 45 33
75 47 5
75 52 33
75 57 34
75 59 6
75 61 17
75 62 33
75 63 26
75 65 27
75 66 18
75 68 2
75 71 0
75 72 3
75 73 25
75 74 24
76 0 41
76 1 19
76 2 37
76 5 39
76 6 40
76 8 19
76 10 9
76 13 40
76 14 18
76 16 7
76 18 36
76 20 21
76 22 2
76 24 40
76 25 30
76 26 23
76 28 24
76 30 4
76 33 37
76 34 17
76 35 29
76 37 8
76 38 28
76 39 40
76 42 21
76 46 4
76 47 15
76 48 18
76 50 21
76 52 30
76 53 14
76 57 5
76 58 0
76 59 18
76 60 7
76 62 7
76 63 11
76 64 23
76 65 10
76 66 23
76 69 21
76 70 1
76 71 10
76 72 18
76 74 22
77 3 5
77 4 29
77 6 8
77 7 20
77 8 18
77 9 7
77 12 37
77 13 25
77 19 36
77 21 30
77 22 40
77 23 5
77 25 27
77 26 8
77 27 1
77 29 32
77 35 28
77 36 39
77 38 14
77 39 42
77 45 3
77 46 17
77 47 3
77 49 39
77 50 41
77 51 3
77 52 30
77 53 27
77 54 23
77 55 16
77 57 0
77 58 28
77 62 15
77 63 26
77 64 17
77 67 27
77 70 23
77 74 31
77 75 32
77 76 19
77 77 11
78 1 22
78 2 6
78 5 39
78 6 5
78 8 29
78 9 41
78 14 29
78 15 0
78 16 17
78 21 26
78 26 41
78 29 32
78 31 7
78 34 42
78 35 28
78 36 40
78 39 29
78 42 39
78 43 37
78 47 41
78 56 28
78 58 37
78 59 26
78 60 42
78 61 4
78 62 0
78 66 41
78 67 6
78 69 0
78 70 42
78 72 28
78 74 30
78 75 23
78 76 28
78 77 36
79 0 32
79 3 19
79 4 10
79 6 5
79 7 15
79 8 41
79 9 10
79 10 23
79 13 36
79 16 33
79 19 36
79 21 37
79 22 8
79 25 1
79 27 7
79 29 42
79 31 0
79 34 26
79 35 16
79 37 6
79 38 23
79 41 15
79 45 14
79 46 14
79 47 26
79 49 9
79 51 30
79 52 12
79 53 30
79 55 2
79 56 38
79 57 18
79 58 15
79 59 34
79 60 32
79 61 13
79 63 3
79 64 25
79 65 14
79 69 21
79 70 18
79 72 10
79 73 32
79 74 7
80 0 11
80 5 6
80 9 10
80 13 12
80 14 9
80 15 32
80 17 1
80 20 41
80 21 35
80 24 20
80 28 7
80 29 25
80 30 23
80 31 32
80 34 39
80 35 11
80 36 0
80 37 17
80 43 29
80 45 37
80 47 30
80 48 28
80 49 39
80 57 31
80 62 26
80 65 41
80 67 5
80 69 26
80 70 14
80 71 36
80 73 35
80 76 40
80 77 7
81 0 7
81 1 16
81 2 40
81 5 9
81 6 6
81 8 23
81 10 41
81 11 35
81 16 26
81 22 7
81 23 42
81 25 19
81 26 20
81 29 18
81 30 19
81 31 7
81 32 28
81 33 22
81 36 4
81 40 8
81 41 39
81 43 18
81 44 18
81 47 31
81 48 5
81 50 42
81 54 11
81 56 36
81 59 20
81 62 19
81 63 13
81 67 6
81 68 27
81 70 10
81 71 2
81 72 11
81 73 16
81 76 29
81 79 1
82 1 36
82 3 10
82 4 24
82 5 12
82 7 25
82 8 16
82 12 30
82 15 24
82 16 29
82 17 3
82 18 8
82 20 28
82 22 3
82 24 13
82 26 31
82 33 2
82 34 32
82 35 30
82 36 35
82 38 19
82 44 28
82 45 18
82 47 6
82 58 14
82 59 39
82 60 24
82 61 29
82 63 37
82 68 23
82 69 39
82 72 26
82 75 17
82 76 3
82 79 16
82 80 42
82 81 24
83 0 19
83 4 5
83 5 23
83 6 42
83 7 31
83 10 38
83 11 33
83 17 14
83 23 8
83 24 26
83 25 14
83 27 9
83 28 3
83 31 1
83 35 16
83 39 13
83 40 34
83 41 10
83 43 18
83 44 28
83 45 19
83 46 33
83 47 3
83 49 11
83 50 38
83 51 30
83 52 22
83 53 8
83 54 27
83 57 35
83 58 18
83 59 5
83 62 31
83 64 6
83 67 15
83 69 38
83 70 36
83 71 1
83 72 33
83 73 1
83 74 41
83 75 24
84 1 15
84 2 35
84 3 19
84 4 7
84 6 28
84 8 24
84 11 11
84 13 32
84 14 42
84 15 42
84 21 22
84 22 35
84 23 13
84 24 17
84 28 15
84 29 4
84 30 13
84 35 41
84 36 20
84 37 20
84 40 32
84 41 16
84 42 12
84 44 41
84 50 18
84 51 38
84 53 0
84 59 12
84 62 12
84 63 17
84 65 8
84 66 12
84 67 22
84 69 2
84 72 39
84 75 38
84 79 39
84 80 9
84 81 22
84 82 0
84 83 6
84 84 35
85 0 9
85 2 2
85 3 0
85 6 7
85 10 34
85 11 8
85 13 23
85 14 16
85 15 7
85 18 38
85 20 34
85 22 15
85 23 31
85 24 41
85 25 15
85 27 5
85 30 6
85 31 4
85 33 6
85 34 13
85 39 8
85 40 24
85 42 22
85 43 0
85 44 26
85 52 20
85 53 27
85 54 38
85 56 7
85 57 39
85 58 34
85 59 28
85 63 12
85 64 41
85 65 22
85 66 33
85 67 20
85 72 34
85 73 36
85 74 36
85 76 35
85 77 30
85 79 35
85 82 29
85 83 3
86 0 12
86 1 14
86 3 6
86 4 40
86 5 4
86 10 22
86 11 22
86 12 0
86 13 14
86 16 30
86 17 14
86 23 1
86 25 41
86 26 30
86 27 18
86 28 18
86 32 18
86 35 22
86 36 13
86 38 14
86 43 9
86 46 2
86 48 36
86 49 9
86 52 24
86 54 29
86 56 15
86 59 11
86 63 3
86 64 11
86 65 36
86 66 42
86 67 10
86 69 7
86 70 12
86 74 29
86 77 4
86 78 17
86 79 9
86 81 42
86 83 24
86 84 39
87 3 2
87 5 7
87 6 22
87 7 15
87 8 29
87 10 12
87 12 34
87 13 31
87 16 11
87 19 0
87 20 32
87 21 30
87 23 29
87 28 16
87 30 26
87 31 40
87 32 38
87 33 4
87 34 13
87 36 39
87 37 16
87 38 35
87 39 40
87 40 10
87 43 0
87 44 15
87 48 40
87 49 39
87 51 26
87 53 33
87 54 42
87 59 13
87 62 6
87 63 29
87 65 11
87 66 9
87 68 3
87 69 42
87 70 17
87 72 41
87 73 38
87 74 15
87 78 24
87 84 22
87 85 17
87 87 15
88 0 20
88 2 36
88 3 34
88 5 42
88 7 34
88 9 28
88 13 28
88 14 12
88 15 42
88 16 19
88 17 17
88 20 30
88 21 19
88 26 39
88 27 29
88 29 36
88 30 5
88 36 22
88 37 0
88 38 37
88 40 15
88 41 24
88 45 6
88 46 42
88 47 7
88 49 3
88 51 38
88 53 18
88 55 6
88 56 8
88 59 6
88 62 1
88 63 27
88 69 19
88 72 12
88 77 35
88 79 25
88 80 41
88 81 32
88 83 1
88 85 23
89 0 22
89 3 28
89 4 23
89 5 29
89 6 39
89 7 8
89 8 1
89 10 38
89 12 6
89 16 16
89 17 27
89 28 4
89 29 19
89 30 0
89 31 17
89 32 32
89 33 35
89 35 30
89 36 22
89 38 29
89 39 11
89 42 42
89 45 42
89 46 6
89 47 30
89 50 27
89 51 40
89 52 28
89 53 39
89 56 42
89 62 29
89 64 4
89 68 0
89 72 39
89 73 19
89 74 42
89 75 18
89 76 29
89 78 5
89 79 7
89 82 7
89 84 21
89 86 39
89 87 16
89 88 11
90 1 11
90 2 10
90 3 14
90 4 9
90 5 18
90 8 7
90 10 11
90 12 15
90 14 3
90 15 18
90 17 39
90 18 7
90 20 41
90 23 25
90 24 26
90 28 5
90 29 2
90 31 6
90 36 35
90 37 41
90 38 31
90 43 35
90 45 40
90 46 2
90 47 38
90 50 35
90 51 11
90 54 40
90 56 33
90 57 5
90 58 23
90 60 6
90 64 18
90 70 1
90 71 6
90 72 22
90 73 10
90 77 20
90 78 27
90 79 41
90 80 26
90 81 28
90 82 19
90 88 25
90 89 38
91 3 0
91 4 22
91 5 0
91 7 29
91 8 31
91 13 8
91 15 26
91 16 24
91 18 5
91 19 13
91 21 31
91 23 12
91 24 40
91 26 5
91 27 31
91 31 1
91 32 6
91 33 34
91 35 14
91 36 14
91 38 3
91 39 4
91 40 31
91 44 0
91 45 30
91 48 3
91 51 1
91 52 20
91 53 3
91 54 2
91 55 40
91 56 14
91 60 2
91 65 22
91 66 26
91 68 7
91 72 41
91 76 22
91 77 41
91 79 1
91 84 5
91 85 39
91 86 1
91 88 33
91 90 23
92 0 12
92 1 8
92 3 29
92 4 37
92 7 11
92 8 0
92 10 27
92 16 1
92 17 32
92 18 6
92 21 3
92 25 10
92 27 34
92 28 32
92 29 4
92 31 4
92 33 2
92 34 33
92 37 18
92 38 25
92 40 4
92 41 24
92 44 17
92 48 35
92 51 7
92 52 7
92 54 35
92 56 3
92 57 0
92 58 29
92 60 38
92 61 15
92 64 21
92 65 25
92 66 30
92 68 2
92 69 11
92 70 5
92 72 9
92 73 16
92 75 35
92 76 40
92 77 12
92 78 21
92 79 40
92 82 41
92 84 23
92 88 23
92 89 39
93 3 7
93 5 4
93 6 1
93 7 4
93 8 35
93 10 19
93 12 33
93 13 37
93 16 0
93 19 13
93 21 27
93 22 10
93 24 40
93 25 21
93 26 40
93 28 22
93 30 0
93 31 7
93 32 32
93 33 27
93 35 1
93 39 8
93 40 37
93 43 22
93 44 27
93 48 19
93 49 15
93 50 17
93 52 8
93 53 32
93 55 7
93 57 12
93 58 8
93 59 30
93 60 19
93 62 37
93 65 21
93 68 31
93 71 13
93 72 30
93 74 26
93 75 13
93 76 6
93 79 5
93 81 36
93 86 27
93 87 1
93 88 27
93 91 40
93 92 9
94 1 25
94 2 9
94 3 13
94 4 37
94 5 38
94 6 41
94 7 13
94 10 29
94 14 9
94 16 7
94 19 15
94 20 4
94 21 42
94 23 5
94 26 35
94 27 20
94 28 34
94 29 40
94 30 23
94 35 36
94 36 36
94 39 11
94 40 2
94 41 16
94 43 16
94 44 35
94 48 26
94 49 36
94 52 23
94 54 17
94 55 31
94 56 17
94 60 24
94 66 2
94 69 39
94 70 12
94 71 42
94 74 6
94 75 27
94 79 38
94 82 13
94 83 10
94 87 1
94 90 2
94 91 13
94 92 41
94 94 39
95 1 33
95 2 11
95 4 11
95 5 6
95 7 31
95 9 7
95 11 14
95 12 26
95 13 9
95 14 26
95 16 15
95 19 22
95 20 10
95 23 18
95 25 11
95 26 3
95 27 9
95 29 6
95 30 20
95 31 41
95 32 42
95 33 3
95 34 26
95 36 40
95 37 10
95 38 20
95 39 8
95 40 11
95 47 22
95 48 28
95 51 39
95 52 36
95 55 25
95 57 24
95 58 34
95 59 17
95 63 28
95 64 41
95 65 2
95 66 17
95 67 4
95 69 42
95 71 29
95 74 31
95 75 38
95 78 5
95 79 16
95 80 2
95 82 26
95 83 29
95 86 20
95 89 7
95 90 5
95 91 33
95 93 13
95 95 22
96 5 19
96 6 40
96 7 34
96 8 34
96 14 24
96 16 12
96 21 14
96 22 0
96 24 35
96 26 24
96 27 30
96 34 32
96 38 18
96 39 31
96 42 14
96 43 19
96 44 26
96 45 27
96 47 21
96 48 24
96 49 13
96 55 5
96 57 29
96 59 27
96 60 28
96 61 0
96 66 10
96 67 15
96 71 22
96 73 27
96 76 6
96 77 42
96 81 27
96 86 22
96 87 28
96 88 23
96 92 22
96 94 1
96 95 42
97 0 36
97 3 8
97 5 42
97 6 23
97 8 31
97 12 32
97 13 0
97 14 12
97 15 9
97 17 29
97 18 12
97 19 23
97 20 27
97 21 24
97 22 10
97 25 12
97 27 31
97 28 0
97 30 22
97 32 2
97 33 2
97 34 9
97 35 32
97 37 0
97 38 12
97 39 29
97 40 42
97 41 6
97 44 8
97 45 0
97 46 25
97 47 2
97 49 2
97 52 23
97 54 10
97 56 0
97 57 35
97 58 23
97 60 9
97 61 33
97 63 36
97 64 4
97 66 26
97 67 26
97 68 0
97 69 19
97 70 42
97 71 1
97 72 0
97 73 3
97 74 39
97 77 23
97 78 37
97 79 11
97 80 5
97 82 37
97 84 11
97 86 11
97 87 29
97 88 28
97 89 25
97 92 0
97 94 16
97 96 32
98 0 16
98 4 11
98 6 16
98 10 15
98 13 2
98 15 15
98 16 23
98 17 10
98 19 3
98 21 11
98 26 13
98 28 28
98 29 2
98 30 2
98 31 40
98 34 26
98 35 0
98 36 19
98 37 6
98 39 41
98 42 8
98 44 39
98 47 42
98 49 35
98 50 13
98 51 18
98 53 17
98 54 4
98 55 17
98 57 31
98 58 35
98 59 0
98 60 37
98 62 16
98 64 36
98 66 1
98 67 40
98 70 16
98 71 37
98 74 0
98 76 15
98 79 31
98 80 10
98 81 34
98 82 41
98 83 13
98 84 11
98 85 19
98 86 4
98 87 33
98 88 13
98 89 26
98 92 12
98 93 34
98 96 21
98 97 19
99 0 17
99 1 15
99 2 39
99 3 10
99 4 37
99 6 39
99 8 30
99 9 16
99 10 34
99 11 39
99 12 9
99 13 12
99 16 8
99 19 37
99 21 11
99 23 7
99 28 23
99 31 40
99 32 11
99 34 41
99 35 33
99 38 35
99 40 8
99 43 8
99 46 0
99 48 33
99 49 8
99 53 27
99 54 13
99 59 19
99 61 15
99 62 35
99 63 31
99 64 28
99 65 6
99 67 32
99 69 34
99 70 16
99 72 29
99 74 24
99 75 22
99 77 15
99 78 1
99 80 29
99 82 27
99 83 4
99 84 11
99 85 1
99 86 13
99 90 19
99 92 42
99 93 14
99 95 8
99 96 13
99 97 5
99 98 11
99 99 4
