100 2525
2 0 7
2 1 13
2 2 38
3 1 8
4 2 2
4 3 31
5 0 22
5 1 3
5 2 7
5 3 9
6 0 38
6 3 1
6 4 22
7 0 39
7 2 8
7 3 26
7 5 18
7 7 11
8 1 24
8 5 15
8 6 17
9 0 8
9 1 40
9 2 18
9 3 1
9 4 17
9 5 7
9 6 0
9 7 7
10 3 15
10 4 13
10 9 29
11 2 30
11 7 24
11 8 17
11 10 23
12 0 39
12 3 41
12 5 26
12 8 24
13 0 15
13 5 5
13 6 30
13 7 8
14 0 26
14 2 14
14 5 20
14 6 37
14 8 42
14 10 17
14 14 18
15 1 3
15 2 35
15 3 5
15 7 5
15 8 35
15 10 42
15 12 37
15 14 18
16 4 41
16 6 37
16 7 41
16 13 34
16 14 38
16 16 35
17 4 33
17 8 8
17 10 13
17 13 16
17 14 24
17 15 18
17 16 12
17 17 23
18 0 21
18 5 25
18 6 24
18 7 12
18 10 35
18 16 2
19 0 38
19 3 2
19 4 28
19 5 26
19 7 7
19 9 20
19 10 15
19 11 26
19 16 33
19 18 9
20 2 27
20 4 23
20 5 28
20 8 20
20 10 27
20 12 10
20 13 9
20 14 10
20 15 13
20 16 42
20 18 8
21 0 29
21 6 10
21 7 35
21 10 4
21 11 8
21 13 16
21 15 16
21 16 26
21 17 8
21 20 33
22 0 25
22 4 4
22 5 16
22 6 1
22 7 39
22 9 22
22 10 39
22 12 32
22 14 37
22 16 39
22 19 2
22 20 36
22 21 23
23 2 25
23 3 27
23 5 33
23 8 19
23 10 14
23 12 12
23 13 17
23 14 9
23 15 17
23 16 3
23 17 13
23 20 26
23 21 21
24 0 15
24 1 27
24 6 8
24 7 28
24 8 23
24 10 23
24 11 11
24 12 17
24 13 41
24 16 41
24 17 23
24 20 6
24 21 28
24 22 33
24 23 21
25 2 27
25 4 32
25 6 40
25 11 40
25 12 13
25 14 41
25 15 12
25 16 28
25 17 9
25 20 34
25 21 13
25 22 39
25 23 11
25 24 42
26 0 27
26 2 18
26 3 37
26 4 14
26 5 7
26 11 27
26 12 19
26 13 0
26 16 7
26 17 39
26 20 5
26 22 32
26 24 29
27 1 18
27 6 22
27 7 4
27 9 36
27 10 25
27 11 29
27 14 16
27 16 31
27 18 26
27 19 20
27 21 26
27 22 19
27 23 35
27 25 17
28 3 19
28 4 20
28 5 22
28 7 34
28 8 35
28 9 25
28 10 29
28 13 4
28 14 6
28 16 17
28 19 2
28 21 4
28 22 24
28 23 30
28 24 32
28 26 38
29 2 30
29 4 28
29 5 41
29 7 39
29 9 31
29 11 3
29 13 3
29 15 27
29 16 36
29 18 24
29 22 27
29 23 13
29 24 5
29 25 39
29 26 33
29 27 8
29 28 23
30 1 36
30 2 20
30 3 21
30 6 23
30 7 13
30 8 30
30 9 21
30 10 29
30 11 9
30 13 23
30 15 30
30 16 26
30 17 23
30 21 42
30 22 34
30 23 1
30 24 12
30 25 21
30 26 33
30 27 42
30 28 41
31 0 40
31 1 17
31 3 30
31 6 9
31 10 27
31 12 35
31 14 17
31 17 6
31 18 2
31 19 2
31 20 14
31 21 22
31 24 16
31 27 29
31 29 37
31 30 23
32 2 19
32 3 11
32 5 42
32 6 37
32 10 41
32 13 4
32 14 8
32 15 5
32 18 18
32 19 6
32 21 21
32 23 5
32 25 38
32 27 39
32 28 28
32 29 2
32 30 19
32 32 21
33 0 13
33 3 29
33 7 13
33 9 14
33 13 35
33 16 35
33 17 39
33 19 23
33 20 26
33 21 20
33 22 9
33 25 18
33 29 20
33 30 38
33 33 6
34 0 39
34 1 22
34 6 16
34 7 1
34 8 16
34 10 39
34 11 30
34 12 17
34 13 19
34 14 22
34 17 16
34 18 9
34 19 5
34 20 18
34 21 32
34 22 23
34 28 34
34 31 0
34 32 11
35 0 25
35 4 38
35 5 28
35 6 38
35 7 24
35 8 12
35 9 11
35 10 25
35 11 13
35 13 23
35 14 21
35 15 24
35 16 4
35 19 37
35 20 10
35 21 41
35 22 39
35 25 31
35 26 38
35 27 14
35 28 20
35 29 19
35 30 23
36 0 30
36 1 23
36 2 18
36 3 33
36 4 27
36 5 19
36 6 27
36 7 32
36 9 36
36 14 19
36 18 28
36 22 23
36 23 37
36 24 23
36 25 6
36 26 2
36 30 0
36 32 32
36 35 15
37 0 9
37 2 32
37 3 27
37 5 23
37 10 3
37 11 15
37 13 12
37 15 35
37 16 2
37 17 32
37 18 10
37 20 7
37 21 1
37 22 26
37 23 35
37 24 33
37 25 34
37 27 2
37 28 26
37 35 42
37 36 33
38 0 18
38 1 4
38 2 37
38 4 19
38 8 19
38 9 24
38 12 9
38 13 28
38 14 11
38 15 16
38 18 23
38 24 42
38 26 16
38 33 35
38 34 32
39 3 17
39 4 6
39 9 2
39 10 39
39 16 30
39 19 5
39 20 23
39 21 13
39 22 10
39 23 7
39 26 38
39 27 5
39 29 4
39 37 21
39 38 6
40 2 0
40 4 16
40 6 7
40 7 39
40 8 21
40 9 15
40 10 26
40 11 37
40 12 31
40 14 21
40 15 17
40 16 26
40 17 33
40 19 2
40 22 19
40 23 41
40 24 11
40 26 17
40 28 38
40 30 14
40 31 27
40 32 11
40 33 13
40 34 4
40 36 7
40 37 35
41 0 26
41 1 29
41 2 29
41 3 37
41 5 15
41 6 12
41 8 42
41 9 36
41 10 4
41 11 16
41 12 29
41 13 11
41 15 1
41 16 27
41 21 17
41 24 24
41 25 37
41 26 12
41 28 6
41 30 25
41 32 41
41 34 40
41 38 0
41 39 25
41 40 32
41 41 38
42 0 24
42 1 11
42 2 23
42 3 15
42 5 12
42 6 33
42 7 1
42 10 18
42 12 19
42 14 7
42 15 36
42 16 0
42 17 23
42 20 30
42 21 14
42 23 2
42 24 36
42 33 32
42 39 32
42 40 1
42 42 1
43 3 21
43 6 37
43 7 3
43 11 23
43 13 7
43 17 30
43 19 28
43 23 1
43 26 18
43 27 41
43 29 3
43 31 23
43 32 10
43 33 30
43 34 34
43 36 3
43 38 10
43 40 5
43 41 24
43 42 4
44 0 26
44 1 8
44 2 17
44 3 8
44 8 31
44 10 30
44 13 17
44 14 29
44 15 25
44 16 26
44 20 1
44 23 36
44 26 7
44 28 1
44 29 0
44 30 16
44 31 36
44 33 18
44 34 16
44 35 5
44 38 24
44 40 2
44 41 42
44 42 40
44 44 16
45 1 9
45 3 16
45 6 24
45 7 21
45 8 3
45 9 12
45 13 41
45 14 12
45 15 17
45 17 23
45 18 28
45 19 15
45 20 27
45 21 1
45 22 5
45 24 2
45 25 2
45 26 21
45 28 36
45 31 11
45 32 19
45 36 21
45 37 7
45 38 17
45 39 6
45 41 17
45 42 12
45 45 40
46 0 15
46 4 32
46 5 40
46 11 8
46 12 6
46 14 2
46 15 22
46 20 32
46 21 18
46 24 16
46 25 25
46 26 18
46 27 40
46 28 36
46 32 3
46 35 31
46 36 9
46 38 18
46 39 1
46 41 9
46 42 32
47 2 3
47 4 41
47 5 23
47 11 17
47 12 42
47 13 18
47 16 18
47 17 20
47 21 23
47 22 9
47 23 31
47 25 14
47 26 21
47 27 38
47 28 4
47 31 23
47 35 23
47 36 39
47 38 36
47 43 35
47 44 10
47 46 4
48 0 23
48 2 27
48 4 32
48 6 37
48 10 25
48 11 14
48 18 40
48 20 15
48 21 23
48 23 31
48 24 23
48 29 23
48 30 4
48 32 1
48 33 17
48 34 37
48 35 41
48 36 36
48 38 25
48 46 9
48 47 10
49 0 4
49 3 16
49 4 7
49 6 19
49 8 18
49 10 21
49 12 12
49 14 16
49 15 8
49 19 24
49 20 27
49 21 0
49 22 29
49 26 30
49 27 26
49 28 5
49 31 24
49 32 37
49 33 18
49 34 10
49 36 7
49 37 37
49 39 22
49 40 40
49 41 33
49 44 27
49 46 33
49 47 13
49 48 40
50 0 32
50 1 29
50 3 27
50 4 0
50 5 34
50 13 26
50 15 17
50 16 6
50 17 4
50 21 2
50 24 10
50 25 30
50 27 24
50 28 3
50 32 18
50 33 38
50 34 28
50 38 6
50 40 34
50 42 1
50 43 31
50 44 12
50 46 12
50 48 39
51 0 33
51 1 5
51 5 37
51 6 8
51 8 2
51 10 38
51 14 32
51 16 33
51 17 36
51 20 39
51 24 8
51 25 20
51 27 20
51 31 7
51 34 1
51 35 34
51 37 21
51 38 5
51 40 21
51 41 35
51 44 26
51 45 17
51 47 29
51 48 13
51 49 28
51 50 19
51 51 36
52 2 5
52 3 35
52 4 27
52 5 27
52 8 5
52 9 26
52 12 23
52 13 10
52 14 18
52 16 29
52 17 42
52 20 7
52 21 9
52 27 37
52 29 22
52 31 22
52 32 4
52 34 23
52 35 25
52 36 13
52 37 18
52 40 22
52 42 42
52 43 41
52 48 20
52 49 27
52 50 2
52 51 4
53 0 35
53 3 28
53 5 33
53 6 7
53 9 9
53 12 27
53 14 33
53 19 22
53 21 4
53 22 28
53 23 40
53 25 5
53 26 16
53 27 26
53 29 11
53 30 33
53 33 12
53 35 3
53 36 23
53 37 3
53 38 20
53 41 14
53 45 7
53 49 31
53 50 21
54 0 23
54 1 4
54 2 17
54 3 6
54 6 27
54 8 6
54 10 18
54 13 40
54 15 13
54 17 17
54 18 18
54 19 15
54 22 9
54 25 13
54 26 18
54 27 8
54 32 20
54 36 37
54 39 32
54 40 30
54 41 1
54 43 20
54 45 10
54 48 22
54 49 12
54 50 28
54 51 18
54 52 41
54 53 15
54 54 1
55 0 15
55 1 11
55 2 40
55 4 36
55 5 7
55 8 25
55 15 7
55 16 30
55 19 8
55 21 17
55 22 28
55 23 36
55 26 41
55 27 12
55 28 2
55 35 29
55 36 32
55 40 16
55 42 4
55 43 18
55 44 0
55 49 17
55 51 30
55 53 30
56 0 30
56 1 25
56 3 40
56 5 21
56 6 34
56 7 36
56 9 20
56 10 9
56 13 32
56 19 4
56 21 6
56 22 18
56 23 21
56 24 29
56 25 37
56 27 34
56 28 27
56 30 22
56 31 27
56 32 40
56 35 10
56 36 35
56 37 20
56 39 1
56 40 10
56 41 7
56 42 21
56 43 20
56 46 3
56 50 26
56 54 40
56 55 14
57 1 28
57 3 5
57 4 28
57 5 36
57 6 31
57 11 2
57 13 42
57 14 26
57 17 6
57 18 40
57 19 37
57 20 37
57 21 22
57 23 13
57 24 37
57 27 33
57 28 31
57 30 25
57 33 12
57 38 37
57 39 14
57 40 31
57 41 39
57 42 11
57 43 5
57 44 17
57 50 24
57 51 26
57 52 10
57 53 5
57 54 14
57 55 22
58 0 11
58 1 42
58 4 36
58 5 11
58 7 20
58 9 22
58 10 2
58 11 12
58 13 32
58 15 19
58 16 22
58 20 9
58 27 11
58 28 23
58 31 35
58 33 29
58 35 6
58 36 36
58 37 14
58 38 38
58 39 20
58 40 2
58 41 25
58 43 11
58 44 32
58 46 39
58 49 40
58 50 10
58 51 42
58 52 37
58 55 36
58 56 25
58 57 8
59 0 4
59 2 21
59 3 34
59 4 18
59 6 15
59 8 20
59 10 32
59 12 15
59 15 19
59 16 30
59 17 25
59 18 38
59 19 4
59 23 6
59 24 36
59 26 36
59 27 41
59 28 6
59 31 14
59 33 18
59 34 28
59 35 8
59 37 18
59 38 6
59 39 32
59 40 30
59 48 12
59 49 40
59 53 22
59 54 6
59 55 41
59 56 9
59 58 5
59 59 41
60 0 32
60 1 31
60 2 16
60 3 32
60 5 4
60 7 7
60 10 26
60 13 25
60 14 39
60 18 34
60 19 28
60 21 25
60 22 2
60 23 31
60 25 37
60 30 5
60 35 13
60 36 14
60 37 9
60 40 22
60 41 33
60 42 27
60 43 31
60 44 20
60 45 4
60 46 26
60 47 24
60 53 21
60 54 42
60 56 17
61 2 19
61 6 35
61 9 29
61 11 24
61 17 9
61 18 36
61 19 38
61 21 16
61 22 19
61 25 37
61 26 33
61 27 13
61 28 19
61 30 40
61 32 27
61 33 39
61 34 6
61 36 21
61 37 34
61 39 3
61 40 39
61 42 16
61 43 19
61 45 17
61 50 2
61 52 35
61 53 36
61 54 29
61 55 13
61 60 14
61 61 19
62 3 16
62 4 13
62 5 21
62 6 25
62 7 20
62 9 27
62 11 12
62 15 7
62 17 34
62 18 7
62 21 5
62 26 42
62 28 14
62 29 23
62 31 26
62 32 8
62 34 13
62 35 25
62 38 36
62 42 6
62 45 29
62 46 4
62 48 18
62 49 14
62 50 28
62 51 41
62 52 12
62 53 4
62 55 0
62 56 25
62 57 23
62 58 29
62 61 33
62 62 8
63 1 21
63 5 41
63 10 22
63 11 1
63 13 15
63 14 42
63 21 7
63 24 0
63 29 23
63 30 15
63 32 40
63 33 13
63 34 29
63 36 1
63 37 8
63 41 28
63 43 0
63 45 14
63 46 29
63 47 26
63 48 3
63 49 30
63 51 7
63 53 18
63 54 14
63 55 14
63 56 24
63 59 25
63 60 39
63 61 29
64 0 20
64 1 10
64 8 31
64 10 34
64 12 34
64 13 18
64 18 21
64 21 3
64 24 35
64 27 23
64 29 26
64 30 42
64 32 31
64 33 33
64 34 14
64 37 12
64 38 0
64 39 33
64 41 21
64 42 34
64 43 36
64 44 36
64 45 32
64 47 8
64 48 30
64 50 2
64 53 5
64 58 17
64 60 26
64 61 3
65 0 10
65 1 21
65 4 17
65 14 2
65 15 19
65 18 0
65 19 12
65 21 26
65 24 19
65 25 37
65 26 36
65 27 32
65 29 3
65 30 32
65 33 4
65 34 3
65 37 42
65 38 24
65 41 22
65 44 16
65 45 33
65 46 10
65 48 6
65 51 34
65 52 14
65 56 17
66 0 24
66 1 5
66 3 40
66 4 0
66 5 30
66 7 32
66 8 37
66 10 21
66 13 15
66 14 36
66 16 41
66 17 16
66 18 42
66 22 30
66 23 13
66 24 14
66 27 5
66 28 42
66 29 24
66 30 14
66 31 22
66 34 34
66 36 38
66 38 24
66 40 4
66 41 13
66 42 34
66 43 41
66 49 21
66 50 18
66 51 19
66 52 24
66 53 21
66 55 40
66 57 12
66 58 39
66 61 39
66 62 33
67 0 29
67 7 42
67 8 20
67 11 30
67 12 20
67 14 11
67 17 34
67 18 6
67 20 24
67 21 32
67 22 19
67 23 0
67 26 31
67 30 39
67 32 41
67 37 39
67 38 36
67 42 10
67 43 5
67 47 30
67 48 27
67 49 39
67 50 40
67 51 12
67 52 40
67 53 10
67 55 23
67 58 21
67 60 33
67 61 10
67 62 40
67 63 2
67 64 4
67 66 11
68 0 27
68 1 30
68 6 28
68 7 22
68 10 28
68 13 6
68 16 38
68 17 14
68 27 9
68 29 6
68 31 41
68 32 18
68 34 35
68 36 37
68 37 41
68 39 15
68 45 41
68 47 32
68 50 14
68 51 21
68 52 28
68 53 12
68 59 17
68 61 42
68 62 35
68 65 14
69 0 1
69 1 17
69 3 42
69 4 11
69 5 42
69 6 28
69 8 33
69 9 41
69 15 24
69 17 13
69 21 15
69 24 39
69 25 26
69 26 23
69 27 15
69 31 23
69 33 36
69 37 2
69 40 31
69 41 18
69 42 29
69 43 4
69 47 4
69 50 4
69 52 19
69 57 42
69 58 25
69 62 42
69 63 0
69 64 0
69 65 5
70 7 9
70 9 7
70 14 3
70 16 36
70 17 38
70 18 40
70 22 33
70 23 15
70 24 3
70 25 4
70 29 5
70 31 38
70 33 33
70 34 42
70 37 19
70 43 7
70 44 28
70 45 17
70 47 14
70 52 7
70 54 4
70 56 10
70 57 20
70 60 26
70 64 40
70 65 18
70 66 0
70 68 5
70 69 20
71 0 5
71 2 38
71 4 0
71 5 34
71 6 42
71 10 40
71 11 11
71 13 28
71 14 14
71 18 10
71 19 5
71 20 25
71 21 6
71 22 3
71 23 33
71 24 33
71 25 2
71 27 12
71 29 5
71 30 19
71 31 38
71 33 8
71 34 11
71 36 27
71 37 8
71 38 1
71 39 33
71 44 17
71 45 33
71 46 35
71 47 26
71 49 41
71 52 21
71 55 38
71 56 12
71 59 6
71 60 2
71 62 30
71 63 27
71 64 30
71 65 6
71 68 3
71 70 20
72 0 8
72 1 33
72 3 13
72 5 39
72 7 41
72 8 5
72 13 5
72 14 30
72 16 5
72 17 8
72 18 0
72 19 24
72 20 1
72 24 34
72 26 10
72 27 31
72 30 35
72 34 23
72 35 17
72 38 18
72 43 11
72 44 19
72 45 35
72 46 0
72 49 34
72 53 24
72 58 30
72 59 21
72 62 12
72 64 0
72 65 26
72 66 41
72 67 4
72 68 22
72 69 26
72 70 23
72 71 13
73 1 34
73 8 39
73 10 15
73 13 22
73 14 27
73 16 20
73 18 30
73 20 42
73 21 29
73 22 25
73 24 10
73 27 21
73 30 14
73 33 19
73 34 15
73 38 26
73 39 30
73 40 25
73 42 19
73 43 20
73 44 22
73 45 4
73 47 25
73 48 28
73 50 11
73 53 0
73 54 19
73 55 37
73 56 4
73 57 11
73 58 25
73 60 22
73 61 14
73 63 19
73 65 40
73 66 7
73 67 14
73 68 9
73 71 6
73 73 12
74 2 0
74 3 23
74 5 35
74 7 42
74 8 16
74 10 39
74 12 35
74 13 28
74 14 40
74 16 22
74 18 17
74 21 13
74 25 36
74 26 41
74 28 3
74 29 29
74 31 1
74 32 7
74 34 14
74 35 29
74 40 5
74 46 19
74 49 27
74 51 24
74 53 25
74 56 26
74 57 4
74 58 23
74 59 13
74 62 13
74 63 37
74 64 5
74 65 4
74 67 15
74 70 10
74 73 17
75 0 11
75 2 30
75 4 26
75 7 4
75 8 10
75 9 42
75 12 4
75 14 34
75 16 33
75 17 6
75 20 19
75 21 8
75 23 11
75 26 17
75 30 15
75 32 20
75 35 41
75 37 39
75 38 34
75 39 23
75 44 3
75 45 41
75 49 2
75 51 19
75 52 24
75 54 2
75 55 10
75 57 19
75 59 29
75 66 42
75 69 34
75 75 39
76 0 12
76 3 33
76 5 21
76 7 24
76 12 37
76 13 5
76 14 6
76 17 13
76 19 42
76 21 17
76 24 34
76 25 2
76 26 23
76 27 5
76 28 13
76 30 10
76 31 9
76 34 38
76 38 17
76 39 22
76 40 4
76 41 33
76 42 42
76 44 40
76 45 31
76 48 4
76 50 36
76 52 0
76 55 0
76 56 33
76 57 28
76 60 10
76 62 12
76 63 37
76 66 2
76 67 39
76 70 11
76 71 39
76 72 37
76 74 32
76 75 26
77 0 6
77 2 29
77 5 26
77 8 12
77 10 26
77 11 38
77 13 41
77 26 11
77 29 22
77 30 40
77 32 4
77 33 9
77 42 23
77 43 25
77 44 27
77 45 36
77 49 15
77 53 18
77 55 41
77 58 24
77 60 38
77 61 12
77 62 25
77 65 6
77 67 28
77 68 27
77 71 3
77 72 32
77 73 4
77 74 8
77 75 7
78 1 9
78 2 26
78 3 17
78 4 38
78 5 3
78 10 1
78 12 36
78 13 23
78 15 39
78 17 22
78 18 28
78 19 41
78 21 11
78 22 25
78 25 29
78 27 20
78 31 4
78 32 34
78 33 33
78 34 39
78 37 35
78 38 40
78 39 29
78 40 3
78 41 33
78 42 17
78 44 9
78 45 18
78 49 7
78 50 29
78 51 35
78 54 24
78 55 14
78 59 18
78 60 38
78 62 18
78 63 4
78 65 38
78 66 34
78 67 27
78 69 32
78 70 31
78 71 41
78 73 1
78 74 10
78 77 19
79 0 30
79 1 24
79 4 21
79 5 41
79 6 38
79 11 22
79 14 33
79 17 20
79 18 21
79 19 7
79 20 22
79 22 8
79 25 29
79 28 12
79 29 41
79 30 1
79 31 38
79 32 33
79 35 18
79 37 15
79 39 18
79 42 22
79 45 10
79 46 13
79 47 1
79 48 41
79 50 28
79 51 39
79 52 22
79 62 4
79 66 7
79 68 3
79 72 22
79 74 27
79 76 38
79 77 36
80 2 31
80 3 8
80 4 25
80 5 33
80 8 6
80 9 7
80 10 11
80 11 0
80 12 11
80 13 38
80 14 3
80 16 26
80 17 9
80 19 39
80 22 33
80 23 25
80 25 29
80 26 40
80 27 11
80 29 0
80 30 27
80 37 22
80 38 27
80 39 30
80 41 5
80 43 30
80 44 34
80 46 27
80 49 33
80 51 26
80 52 6
80 55 24
80 59 13
80 61 8
80 63 30
80 64 35
80 66 41
80 76 31
80 79 6
81 0 32
81 4 42
81 5 9
81 6 38
81 11 25
81 12 1
81 14 35
81 15 28
81 19 22
81 21 37
81 22 15
81 27 1
81 28 35
81 31 7
81 32 26
81 34 8
81 37 16
81 46 16
81 47 3
81 49 33
81 50 33
81 51 1
81 52 6
81 54 26
81 55 17
81 57 35
81 58 13
81 59 35
81 61 12
81 62 2
81 63 0
81 65 9
81 67 42
81 69 2
81 71 5
81 74 39
81 76 14
81 78 33
81 79 36
81 80 3
82 0 29
82 1 8
82 2 0
82 4 10
82 5 40
82 8 24
82 9 7
82 11 0
82 12 26
82 13 10
82 14 26
82 16 7
82 21 6
82 24 16
82 30 0
82 32 26
82 35 12
82 36 1
82 37 15
82 38 14
82 39 4
82 40 31
82 41 24
82 44 4
82 45 4
82 46 1
82 47 31
82 49 4
82 51 4
82 52 29
82 54 29
82 60 9
82 62 17
82 63 1
82 65 4
82 66 31
82 67 3
82 69 27
82 71 9
82 73 35
82 76 26
82 78 14
83 0 20
83 1 25
83 3 28
83 8 40
83 9 29
83 14 17
83 16 7
83 17 15
83 18 32
83 19 16
83 21 10
83 23 32
83 24 17
83 25 40
83 26 27
83 28 21
83 29 5
83 30 31
83 31 1
83 33 4
83 34 37
83 35 11
83 37 28
83 39 16
83 40 19
83 41 6
83 43 31
83 44 15
83 45 17
83 47 23
83 49 1
83 51 29
83 52 39
83 53 17
83 54 32
83 56 36
83 57 28
83 59 0
83 60 19
83 61 2
83 62 9
83 63 8
83 64 38
83 65 42
83 66 7
83 67 30
83 71 40
83 72 15
83 73 27
83 74 3
83 77 28
84 0 19
84 1 17
84 4 34
84 5 31
84 6 16
84 8 1
84 9 30
84 11 28
84 13 20
84 14 30
84 17 4
84 20 22
84 24 28
84 27 9
84 28 15
84 29 16
84 31 38
84 33 26
84 34 19
84 36 24
84 39 3
84 40 20
84 42 6
84 43 6
84 44 15
84 46 36
84 47 36
84 48 9
84 51 5
84 57 39
84 67 15
84 70 21
84 72 19
84 73 7
84 74 9
84 75 19
84 83 5
85 0 27
85 2 33
85 3 10
85 4 5
85 5 34
85 8 12
85 10 10
85 13 37
85 14 37
85 15 23
85 16 41
85 17 34
85 29 7
85 32 6
85 33 4
85 36 1
85 37 25
85 38 31
85 39 25
85 40 8
85 42 20
85 43 5
85 45 20
85 48 22
85 49 11
85 50 27
85 54 32
85 55 34
85 58 37
85 59 3
85 63 0
85 64 35
85 65 10
85 66 34
85 68 1
85 69 27
85 70 31
85 71 18
85 72 9
85 74 12
85 75 19
85 78 14
85 80 0
85 81 36
86 1 30
86 2 14
86 3 1
86 4 0
86 6 11
86 7 26
86 10 32
86 11 25
86 12 25
86 15 37
86 16 15
86 20 31
86 21 15
86 22 23
86 23 39
86 24 36
86 26 39
86 29 32
86 31 13
86 32 29
86 34 21
86 36 6
86 38 16
86 41 33
86 42 15
86 44 0
86 45 33
86 46 31
86 48 41
86 49 8
86 54 23
86 59 7
86 64 17
86 69 17
86 70 38
86 71 1
86 74 29
86 77 40
86 78 41
86 80 30
86 81 38
86 83 27
86 84 38
87 0 41
87 1 16
87 6 13
87 7 30
87 9 7
87 17 17
87 18 9
87 19 7
87 20 21
87 22 36
87 25 12
87 26 16
87 27 26
87 28 21
87 32 10
87 34 32
87 35 5
87 36 23
87 37 14
87 41 5
87 43 21
87 44 8
87 48 40
87 51 9
87 53 22
87 57 6
87 63 15
87 67 31
87 73 8
87 74 35
87 75 21
87 77 16
87 81 20
87 82 11
87 83 19
87 84 36
87 85 24
87 87 24
88 0 4
88 1 41
88 3 35
88 6 23
88 10 15
88 11 13
88 12 10
88 13 29
88 15 31
88 16 11
88 18 7
88 19 13
88 20 13
88 21 9
88 23 35
88 25 26
88 26 12
88 27 22
88 29 31
88 30 22
88 31 32
88 32 17
88 33 32
88 34 24
88 35 16
88 36 42
88 37 2
88 39 21
88 40 13
88 43 17
88 44 33
88 45 21
88 47 16
88 50 3
88 52 8
88 54 1
88 57 3
88 60 4
88 61 8
88 62 37
88 63 8
88 64 31
88 66 31
88 67 3
88 68 37
88 69 22
88 70 35
88 72 29
88 73 9
88 74 27
88 75 6
88 76 27
88 77 18
88 78 25
88 80 27
88 82 42
88 85 18
89 0 35
89 2 16
89 3 30
89 5 41
89 6 42
89 7 33
89 8 20
89 10 12
89 12 5
89 13 13
89 15 28
89 16 3
89 19 30
89 20 17
89 22 8
89 25 40
89 28 17
89 31 25
89 32 26
89 37 26
89 39 20
89 41 21
89 42 15
89 43 32
89 44 20
89 45 10
89 48 2
89 49 20
89 50 6
89 51 37
89 53 39
89 55 28
89 58 40
89 60 38
89 61 7
89 63 22
89 64 14
89 65 3
89 67 35
89 68 18
89 69 2
89 71 10
89 72 5
89 74 21
89 75 40
89 76 41
89 80 17
89 81 31
89 85 5
89 86 35
89 88 37
89 89 35
90 0 34
90 1 10
90 3 14
90 5 36
90 6 19
90 9 36
90 13 2
90 15 9
90 16 41
90 18 35
90 19 29
90 21 6
90 23 29
90 25 7
90 28 35
90 29 31
90 32 9
90 33 20
90 34 15
90 35 2
90 36 13
90 37 19
90 38 32
90 39 24
90 42 35
90 43 28
90 46 5
90 54 42
90 59 42
90 61 3
90 63 39
90 67 34
90 70 18
90 71 9
90 72 12
90 75 15
90 79 2
90 82 31
90 83 7
90 85 3
91 1 0
91 4 8
91 10 19
91 11 4
91 12 36
91 13 34
91 16 32
91 18 9
91 21 40
91 22 7
91 23 31
91 25 37
91 26 31
91 28 8
91 30 32
91 32 41
91 33 28
91 35 19
91 42 41
91 43 19
91 45 37
91 46 16
91 50 30
91 51 0
91 52 5
91 53 2
91 55 11
91 56 21
91 58 20
91 59 10
91 60 23
91 61 40
91 62 26
91 63 14
91 64 19
91 65 38
91 66 12
91 69 39
91 70 39
91 74 9
91 75 40
91 77 12
91 78 24
91 79 31
91 82 13
91 84 36
91 87 20
91 90 1
92 0 14
92 1 14
92 2 3
92 3 30
92 4 6
92 5 22
92 8 10
92 10 12
92 11 38
92 14 14
92 16 26
92 17 39
92 18 14
92 20 20
92 21 22
92 23 30
92 26 40
92 28 9
92 29 27
92 30 33
92 33 42
92 34 41
92 37 34
92 39 40
92 41 24
92 42 18
92 43 6
92 45 17
92 48 32
92 52 5
92 53 13
92 54 23
92 58 30
92 59 22
92 62 33
92 67 38
92 68 6
92 69 4
92 71 29
92 72 18
92 75 0
92 78 12
92 81 39
92 82 1
92 84 33
92 86 12
92 87 30
92 88 27
92 91 27
93 0 36
93 2 28
93 5 24
93 6 11
93 7 1
93 10 6
93 12 37
93 13 16
93 15 24
93 17 2
93 18 42
93 20 10
93 21 2
93 23 7
93 24 41
93 26 3
93 28 16
93 30 15
93 33 16
93 34 27
93 35 26
93 40 6
93 44 23
93 46 27
93 47 6
93 48 13
93 52 37
93 54 28
93 56 42
93 57 28
93 60 8
93 65 16
93 66 37
93 71 35
93 73 19
93 77 14
93 79 38
93 80 27
93 82 11
93 84 5
93 86 35
93 87 33
93 88 9
93 89 12
93 92 2
94 2 8
94 3 40
94 5 39
94 9 14
94 11 10
94 15 10
94 16 5
94 17 35
94 18 35
94 20 5
94 21 31
94 27 26
94 28 26
94 29 11
94 31 18
94 32 32
94 34 33
94 42 19
94 44 9
94 45 32
94 47 27
94 49 34
94 50 25
94 51 3
94 54 23
94 55 18
94 57 27
94 62 24
94 63 38
94 65 17
94 66 9
94 68 0
94 70 28
94 75 39
94 76 29
94 83 25
94 85 32
94 87 29
94 89 2
94 90 25
94 92 7
95 1 21
95 2 35
95 4 20
95 5 31
95 7 27
95 8 3
95 9 7
95 10 2
95 13 22
95 14 8
95 16 1
95 18 42
95 21 39
95 25 31
95 27 19
95 29 10
95 31 24
95 32 1
95 34 16
95 37 7
95 41 8
95 43 26
95 44 12
95 48 35
95 49 20
95 51 39
95 54 18
95 55 1
95 56 10
95 59 9
95 60 5
95 62 27
95 64 11
95 67 0
95 68 10
95 69 23
95 70 35
95 72 10
95 80 0
95 82 24
95 83 31
95 84 17
95 88 14
95 90 24
95 91 26
95 92 27
95 93 10
95 95 21
96 0 11
96 1 4
96 4 33
96 6 35
96 8 16
96 9 17
96 10 38
96 12 38
96 14 35
96 17 40
96 20 3
96 28 35
96 33 27
96 35 5
96 37 33
96 39 35
96 41 3
96 42 42
96 43 19
96 44 38
96 46 40
96 47 5
96 49 29
96 51 1
96 52 29
96 54 18
96 55 33
96 57 27
96 58 33
96 59 39
96 61 11
96 64 4
96 67 41
96 68 35
96 69 34
96 71 25
96 72 21
96 74 1
96 75 42
96 79 0
96 80 38
96 81 36
96 82 4
96 83 41
96 84 18
96 85 27
96 94 39
96 95 39
97 1 25
97 3 41
97 5 8
97 6 38
97 8 10
97 9 29
97 11 10
97 13 11
97 14 16
97 16 19
97 17 32
97 19 35
97 20 38
97 22 37
97 23 17
97 24 1
97 25 0
97 26 14
97 27 42
97 28 2
97 30 20
97 31 37
97 37 23
97 38 30
97 40 21
97 42 38
97 43 15
97 44 5
97 48 26
97 51 6
97 52 0
97 57 20
97 58 29
97 59 35
97 60 42
97 63 9
97 64 21
97 66 34
97 67 14
97 73 28
97 79 6
97 80 12
97 83 38
97 86 17
97 87 2
97 88 13
97 89 40
97 90 42
97 91 22
97 92 40
97 93 28
97 94 39
97 95 9
97 96 37
98 0 37
98 7 5
98 13 6
98 14 31
98 18 38
98 21 8
98 22 19
98 23 37
98 24 6
98 26 31
98 30 23
98 32 3
98 33 12
98 36 10
98 37 42
98 40 22
98 45 14
98 51 38
98 52 25
98 54 14
98 55 6
98 56 30
98 57 4
98 58 32
98 61 24
98 62 12
98 63 30
98 65 24
98 66 20
98 72 42
98 73 16
98 75 24
98 79 12
98 80 41
98 81 25
98 83 33
98 84 2
98 87 1
98 88 21
98 89 10
98 90 26
98 93 8
98 97 12
99 5 12
99 6 5
99 7 1
99 10 42
99 11 11
99 12 0
99 13 38
99 14 14
99 15 24
99 16 12
99 22 15
99 24 21
99 26 2
99 32 2
99 34 9
99 35 0
99 37 27
99 41 8
99 42 34
99 45 37
99 46 12
99 47 8
99 48 38
99 49 30
99 50 25
99 51 11
99 53 9
99 54 17
99 55 24
99 58 35
99 59 14
99 62 17
99 63 37
99 65 12
99 68 33
99 69 32
99 70 6
99 71 19
99 72 13
99 75 18
99 77 8
99 78 10
99 81 10
99 84 35
99 87 28
99 88 2
99 92 11
99 93 12
99 96 13
99 97 26
