100 2525
1 1 20
2 0 41
2 1 39
3 0 28
4 1 23
4 2 21
5 1 9
5 4 21
5 5 28
6 1 4
6 3 2
6 6 12
7 0 37
7 6 11
8 0 3
8 2 24
8 3 3
8 5 29
8 6 16
9 2 39
9 5 5
9 6 3
9 7 38
9 8 42
10 3 27
10 4 23
10 7 11
10 9 6
11 0 2
11 1 22
11 2 15
11 6 18
11 8 7
12 1 30
12 2 41
12 3 1
12 4 15
12 5 25
12 6 36
12 7 42
12 9 37
13 1 10
13 5 20
13 7 29
13 8 19
13 9 8
14 1 32
14 3 34
14 5 24
14 6 36
14 7 31
14 9 10
14 11 3
14 12 23
14 13 27
15 0 15
15 3 15
15 4 23
15 5 22
15 6 28
15 7 13
15 9 3
15 10 5
15 11 14
15 12 41
16 0 11
16 1 14
16 2 6
16 6 7
16 7 35
16 8 34
16 9 34
16 10 11
16 12 8
16 13 29
16 16 18
17 3 36
17 7 41
17 9 10
17 10 21
17 14 10
17 16 3
18 0 13
18 4 40
18 6 2
18 7 5
18 10 23
18 12 27
18 13 9
18 14 23
18 15 28
19 1 0
19 7 0
19 8 23
19 9 35
19 10 0
19 11 6
19 12 7
19 13 33
19 14 37
19 16 3
19 18 38
20 3 16
20 6 39
20 9 0
20 10 27
20 11 26
20 12 39
20 13 6
20 17 35
20 18 19
20 20 28
21 0 31
21 1 42
21 4 2
21 5 7
21 6 12
21 7 22
21 8 28
21 10 22
21 11 32
21 12 1
21 14 14
21 15 40
21 17 41
21 19 42
21 20 14
22 0 21
22 1 20
22 2 42
22 4 9
22 5 22
22 6 10
22 7 13
22 10 30
22 12 9
22 13 29
22 17 18
22 19 24
22 21 12
23 0 3
23 1 12
23 2 20
23 4 22
23 9 32
23 10 41
23 11 4
23 12 19
23 18 6
23 19 10
23 20 37
23 21 24
24 0 18
24 1 25
24 4 33
24 7 13
24 8 14
24 10 12
24 11 3
24 12 5
24 13 37
24 16 14
24 17 6
24 18 31
24 19 8
24 20 21
24 21 34
24 22 26
24 23 25
25 0 11
25 4 29
25 5 2
25 8 5
25 10 2
25 14 33
25 16 40
25 18 14
25 19 34
25 21 26
25 23 10
26 1 23
26 5 17
26 6 12
26 8 37
26 10 33
26 16 31
26 18 22
26 20 20
27 6 2
27 7 6
27 9 16
27 12 3
27 13 2
27 24 31
27 25 22
27 26 24
28 3 5
28 9 28
28 10 19
28 13 37
28 16 6
28 19 37
28 21 29
28 25 11
28 26 19
28 27 35
29 3 32
29 4 10
29 5 24
29 6 38
29 7 3
29 9 5
29 10 1
29 11 6
29 12 1
29 19 29
29 20 39
29 21 41
29 22 1
29 23 42
29 28 25
30 2 41
30 3 6
30 6 22
30 7 15
30 10 30
30 11 14
30 12 3
30 13 38
30 14 17
30 15 37
30 16 3
30 17 21
30 19 22
30 22 36
30 25 36
30 27 5
30 29 34
30 30 12
31 0 40
31 1 12
31 4 12
31 5 27
31 6 23
31 9 8
31 10 4
31 11 34
31 14 17
31 16 17
31 17 17
31 20 42
31 21 4
31 23 5
31 24 3
31 25 1
31 27 26
31 28 31
32 0 25
32 5 34
32 8 0
32 9 18
32 12 0
32 14 8
32 15 17
32 16 8
32 19 35
32 21 23
32 24 11
32 25 31
32 30 14
32 31 1
33 0 11
33 3 30
33 6 7
33 8 0
33 9 33
33 11 28
33 15 37
33 16 5
33 17 35
33 19 6
33 20 19
33 21 3
33 22 13
33 28 22
33 31 21
33 32 21
33 33 3
34 1 3
34 5 1
34 7 25
34 10 14
34 13 20
34 14 28
34 17 28
34 19 36
34 20 14
34 22 31
34 23 6
34 24 3
34 27 14
34 28 32
34 29 34
34 32 15
34 33 36
35 0 11
35 1 27
35 6 27
35 7 27
35 8 15
35 9 33
35 11 20
35 12 29
35 15 0
35 16 41
35 18 22
35 19 20
35 20 10
35 24 23
35 26 1
35 27 6
35 28 35
35 29 18
35 30 22
35 32 3
35 34 29
36 0 26
36 1 19
36 2 27
36 4 0
36 7 10
36 13 28
36 15 2
36 18 9
36 20 38
36 22 14
36 23 7
36 24 20
36 25 36
36 26 41
36 31 2
36 36 12
37 1 5
37 4 9
37 5 3
37 6 21
37 7 33
37 8 26
37 9 26
37 10 21
37 11 34
37 12 16
37 19 7
37 20 19
37 28 3
37 30 0
37 31 26
37 35 33
38 0 34
38 1 14
38 2 40
38 7 21
38 8 15
38 10 17
38 11 34
38 12 11
38 15 4
38 17 30
38 18 20
38 19 24
38 20 20
38 22 5
38 26 41
38 29 10
38 30 31
38 32 11
38 35 39
38 36 21
39 0 18
39 1 18
39 3 38
39 4 21
39 5 1
39 6 29
39 7 29
39 8 4
39 9 1
39 18 29
39 19 33
39 20 1
39 21 10
39 22 12
39 23 2
39 24 19
39 29 30
39 30 42
39 31 14
39 32 27
39 33 40
39 36 28
39 37 30
39 39 29
40 0 2
40 2 36
40 4 31
40 5 16
40 7 26
40 8 25
40 12 39
40 14 20
40 15 31
40 16 28
40 17 4
40 18 25
40 19 26
40 24 24
40 26 41
40 28 42
40 29 7
40 36 0
40 37 24
40 38 28
41 0 41
41 1 13
41 3 13
41 4 12
41 5 3
41 7 20
41 10 4
41 11 21
41 12 27
41 14 31
41 15 13
41 17 29
41 18 2
41 21 29
41 23 19
41 24 6
41 29 16
41 31 26
41 36 33
41 39 22
42 0 2
42 1 32
42 7 32
42 8 3
42 9 8
42 10 40
42 11 9
42 17 13
42 18 4
42 19 10
42 23 0
42 24 25
42 25 15
42 26 39
42 27 19
42 29 28
42 31 12
42 33 3
42 34 38
42 35 11
42 42 11
43 1 39
43 2 15
43 3 3
43 5 40
43 6 39
43 9 0
43 11 34
43 12 38
43 15 14
43 16 33
43 17 23
43 19 32
43 20 31
43 24 23
43 28 41
43 31 14
43 32 15
43 35 23
43 36 29
43 37 30
43 39 1
43 40 18
43 42 32
44 2 6
44 4 8
44 5 12
44 7 15
44 9 30
44 10 40
44 15 8
44 16 9
44 17 22
44 18 11
44 20 6
44 21 22
44 22 39
44 23 20
44 24 5
44 25 22
44 26 16
44 27 23
44 28 18
44 30 18
44 32 5
44 33 12
44 34 34
44 36 11
44 37 18
44 39 4
44 40 11
44 41 31
44 43 24
45 0 25
45 1 19
45 2 39
45 10 19
45 11 41
45 14 21
45 15 30
45 17 5
45 19 1
45 21 28
45 23 18
45 24 27
45 25 31
45 29 0
45 31 39
45 33 15
45 38 2
45 39 26
45 40 26
46 3 31
46 8 17
46 13 35
46 15 11
46 17 26
46 19 7
46 21 3
46 22 30
46 23 34
46 26 6
46 27 2
46 29 5
46 30 13
46 32 29
46 35 34
46 36 39
46 38 27
46 39 11
46 40 27
46 41 28
46 42 25
46 43 18
46 46 1
47 2 39
47 6 42
47 8 2
47 9 2
47 11 19
47 12 24
47 14 15
47 15 14
47 19 5
47 24 2
47 28 6
47 31 19
47 34 12
47 35 35
47 37 5
47 38 7
47 39 9
47 41 36
47 43 37
47 44 0
47 46 7
48 2 26
48 3 28
48 4 6
48 7 9
48 8 15
48 9 27
48 10 21
48 11 42
48 12 24
48 13 9
48 14 9
48 15 27
48 21 24
48 23 42
48 26 32
48 27 31
48 29 37
48 31 35
48 33 18
48 34 33
48 38 12
48 40 15
48 41 31
48 44 27
48 47 31
49 4 21
49 8 37
49 9 17
49 10 5
49 11 15
49 17 5
49 18 39
49 20 36
49 21 31
49 22 6
49 27 36
49 28 23
49 32 4
49 35 2
49 36 14
49 37 9
49 41 20
49 42 42
49 43 30
49 45 8
49 46 4
49 47 13
49 48 40
50 1 6
50 4 20
50 5 25
50 6 29
50 10 29
50 14 17
50 15 32
50 17 7
50 20 1
50 21 5
50 22 41
50 24 41
50 25 8
50 26 3
50 28 31
50 30 4
50 31 23
50 32 6
50 33 22
50 36 5
50 37 21
50 42 31
50 44 32
50 47 11
51 0 27
51 1 14
51 4 20
51 6 23
51 8 28
51 13 12
51 14 20
51 15 42
51 17 5
51 18 27
51 23 37
51 24 9
51 25 10
51 26 17
51 28 7
51 30 12
51 31 18
51 33 4
51 35 13
51 36 0
51 37 29
51 38 22
51 39 14
51 40 42
51 43 27
51 46 16
51 47 42
51 48 36
51 49 23
51 50 9
51 51 9
52 0 19
52 2 24
52 5 35
52 6 28
52 8 30
52 9 35
52 11 38
52 12 15
52 14 18
52 15 15
52 16 31
52 17 27
52 18 13
52 19 6
52 20 17
52 24 31
52 25 5
52 27 1
52 31 29
52 34 0
52 35 32
52 37 29
52 39 28
52 42 39
52 43 36
52 45 4
52 46 27
52 47 7
52 48 4
52 49 14
52 50 35
53 1 2
53 3 30
53 7 26
53 10 4
53 14 12
53 15 24
53 17 20
53 18 25
53 19 4
53 24 38
53 27 0
53 30 37
53 32 39
53 33 36
53 35 40
53 37 18
53 40 1
53 45 6
53 47 13
53 49 13
53 50 29
53 51 12
53 52 17
53 53 0
54 0 31
54 1 1
54 5 6
54 7 3
54 8 35
54 10 38
54 12 24
54 14 9
54 17 21
54 18 11
54 20 14
54 21 23
54 22 10
54 23 13
54 24 7
54 25 14
54 26 2
54 28 29
54 35 11
54 36 3
54 38 0
54 40 22
54 41 15
54 44 30
54 45 41
54 47 37
54 51 15
54 53 4
55 1 23
55 3 4
55 6 39
55 7 4
55 9 8
55 12 28
55 13 8
55 14 41
55 15 26
55 19 15
55 20 42
55 24 23
55 28 37
55 29 27
55 31 23
55 36 23
55 39 11
55 42 12
55 43 4
55 44 35
55 47 13
55 48 24
55 49 38
55 53 12
55 54 3
55 55 29
56 2 14
56 3 40
56 5 19
56 8 34
56 10 20
56 12 24
56 14 40
56 17 41
56 25 31
56 26 28
56 28 23
56 30 36
56 33 27
56 35 1
56 36 6
56 37 15
56 38 29
56 39 5
56 42 7
56 44 31
56 46 28
56 47 37
56 48 16
56 49 8
56 50 42
56 51 37
56 52 24
56 53 29
56 54 27
56 55 24
56 56 16
57 0 24
57 2 13
57 5 38
57 7 4
57 8 22
57 9 23
57 12 41
57 14 16
57 15 30
57 18 26
57 20 13
57 21 1
57 24 33
57 25 5
57 26 7
57 27 25
57 28 18
57 30 17
57 31 10
57 33 30
57 34 14
57 39 33
57 40 17
57 42 40
57 46 22
57 49 35
57 51 23
57 52 19
57 54 24
58 2 8
58 3 6
58 4 23
58 5 18
58 7 35
58 8 18
58 11 38
58 14 20
58 15 32
58 16 30
58 17 18
58 18 3
58 20 20
58 21 17
58 28 33
58 31 17
58 40 11
58 46 39
58 48 23
58 49 8
58 51 10
58 52 10
58 53 22
58 56 25
58 58 34
59 0 23
59 2 39
59 5 7
59 6 13
59 7 4
59 10 16
59 12 2
59 15 32
59 16 26
59 17 12
59 18 25
59 21 13
59 24 35
59 26 29
59 27 27
59 28 3
59 30 0
59 33 23
59 34 39
59 35 23
59 36 13
59 37 9
59 38 25
59 40 28
59 42 19
59 44 9
59 45 26
59 49 40
59 50 35
59 53 42
59 56 26
59 58 8
60 0 10
60 2 10
60 4 16
60 11 41
60 12 5
60 13 42
60 15 32
60 19 38
60 21 33
60 23 25
60 24 22
60 25 32
60 26 27
60 27 35
60 28 21
60 30 40
60 31 24
60 35 10
60 37 28
60 38 3
60 39 38
60 40 23
60 42 11
60 46 19
60 47 32
60 51 36
60 54 38
60 55 9
60 60 13
61 1 0
61 2 8
61 3 11
61 10 3
61 12 11
61 13 17
61 16 33
61 17 36
61 19 16
61 22 2
61 23 39
61 25 12
61 27 19
61 29 13
61 31 38
61 32 10
61 35 5
61 36 34
61 37 0
61 39 22
61 40 38
61 46 13
61 47 32
61 51 19
61 52 35
61 53 30
61 54 18
61 56 40
61 57 36
61 60 34
61 61 3
62 0 13
62 1 11
62 3 25
62 5 26
62 6 24
62 7 18
62 8 42
62 9 3
62 10 16
62 11 22
62 13 28
62 14 12
62 15 29
62 17 30
62 18 20
62 19 31
62 22 2
62 25 17
62 28 41
62 29 32
62 30 9
62 33 3
62 34 27
62 36 29
62 37 42
62 38 6
62 39 26
62 40 1
62 41 24
62 42 10
62 44 6
62 47 21
62 48 39
62 51 20
62 53 26
62 55 27
62 58 6
62 59 6
62 60 23
63 0 38
63 2 40
63 3 15
63 8 36
63 10 11
63 12 28
63 13 28
63 15 1
63 19 16
63 20 22
63 21 39
63 23 39
63 25 40
63 26 16
63 30 16
63 33 24
63 35 16
63 36 25
63 37 23
63 39 18
63 40 40
63 41 12
63 42 35
63 43 35
63 45 0
63 47 23
63 49 30
63 53 25
63 54 34
63 55 18
63 57 35
63 58 36
63 59 41
63 61 28
63 62 3
64 0 7
64 3 34
64 6 17
64 8 24
64 9 16
64 11 38
64 12 4
64 13 20
64 18 32
64 22 14
64 24 25
64 25 32
64 27 9
64 29 35
64 33 40
64 35 17
64 36 25
64 38 7
64 39 28
64 40 37
64 44 31
64 46 7
64 48 19
64 49 37
64 51 5
64 52 33
64 54 22
64 55 15
64 57 41
64 61 27
64 62 5
65 1 36
65 2 25
65 5 38
65 6 29
65 7 21
65 9 27
65 11 0
65 12 31
65 14 15
65 20 32
65 21 29
65 22 26
65 24 20
65 25 23
65 27 29
65 28 37
65 29 14
65 30 41
65 31 39
65 32 40
65 33 33
65 36 22
65 38 19
65 40 9
65 42 27
65 44 28
65 45 10
65 46 4
65 47 19
65 49 39
65 50 30
65 56 26
65 57 22
65 59 2
65 60 36
65 63 13
65 64 2
66 0 30
66 5 27
66 6 8
66 7 35
66 8 22
66 10 9
66 12 35
66 19 33
66 22 37
66 23 37
66 24 10
66 27 36
66 30 25
66 32 14
66 37 25
66 38 29
66 39 2
66 42 28
66 44 10
66 45 10
66 48 42
66 49 4
66 54 30
66 55 1
66 56 19
66 57 41
66 59 0
66 60 5
66 61 6
66 62 41
66 63 12
66 66 28
67 0 36
67 1 35
67 2 35
67 3 31
67 4 37
67 6 8
67 7 1
67 10 26
67 13 1
67 14 0
67 18 22
67 20 33
67 21 2
67 24 12
67 26 22
67 27 32
67 31 11
67 32 3
67 37 30
67 39 25
67 40 15
67 41 14
67 45 7
67 46 29
67 49 30
67 52 29
67 54 17
67 56 37
67 57 36
67 60 17
67 61 30
67 63 30
67 64 35
67 65 34
67 67 36
68 1 9
68 2 14
68 3 20
68 5 8
68 6 42
68 7 24
68 8 16
68 9 5
68 11 34
68 12 24
68 16 36
68 17 40
68 21 39
68 25 27
68 28 41
68 33 7
68 36 15
68 37 24
68 42 21
68 43 18
68 46 10
68 47 5
68 53 26
68 54 4
68 55 2
68 57 24
68 59 7
68 60 33
68 61 8
68 62 3
68 64 15
68 65 25
68 66 28
69 2 0
69 4 16
69 5 37
69 6 4
69 11 36
69 12 3
69 13 32
69 14 21
69 17 19
69 18 26
69 19 1
69 20 13
69 22 1
69 25 5
69 27 2
69 29 22
69 30 39
69 31 34
69 32 14
69 33 41
69 36 15
69 38 35
69 39 3
69 40 29
69 42 5
69 45 40
69 47 39
69 51 5
69 54 17
69 59 37
69 60 4
69 65 11
69 67 20
70 0 15
70 1 24
70 5 33
70 7 25
70 8 24
70 12 38
70 13 38
70 17 42
70 18 6
70 20 39
70 21 34
70 22 4
70 24 1
70 25 11
70 27 4
70 28 23
70 37 7
70 38 9
70 42 16
70 43 25
70 48 7
70 54 17
70 55 40
70 56 7
70 57 28
70 59 8
70 65 10
70 67 30
70 69 14
71 1 15
71 3 14
71 4 27
71 6 26
71 7 36
71 9 10
71 10 25
71 13 9
71 15 32
71 16 11
71 18 36
71 19 32
71 20 15
71 22 17
71 23 6
71 25 6
71 27 5
71 28 13
71 30 2
71 31 6
71 32 16
71 33 29
71 34 33
71 35 32
71 37 1
71 38 16
71 39 28
71 41 37
71 43 11
71 44 20
71 45 32
71 49 0
71 50 0
71 55 22
71 57 29
71 58 6
71 60 7
71 61 42
71 62 39
71 64 36
71 67 28
71 68 26
71 71 31
72 0 3
72 1 0
72 2 13
72 3 19
72 7 24
72 9 41
72 11 38
72 15 27
72 16 23
72 18 31
72 22 5
72 25 7
72 26 19
72 28 11
72 31 33
72 32 30
72 33 4
72 34 29
72 35 32
72 37 5
72 38 30
72 39 6
72 40 10
72 41 1
72 42 0
72 43 37
72 45 26
72 48 21
72 49 1
72 51 13
72 54 24
72 55 42
72 57 8
72 58 42
72 60 29
72 61 30
72 63 23
72 64 9
72 68 4
72 69 7
73 1 1
73 2 5
73 4 10
73 7 38
73 8 17
73 9 5
73 10 41
73 12 39
73 14 15
73 16 7
73 18 5
73 19 23
73 20 33
73 22 15
73 24 27
73 26 30
73 28 40
73 29 30
73 32 13
73 36 40
73 37 33
73 39 38
73 40 10
73 42 5
73 43 42
73 44 34
73 47 21
73 50 42
73 51 6
73 54 32
73 56 34
73 58 4
73 59 12
73 60 10
73 61 38
73 64 36
73 66 30
73 68 10
73 69 38
73 70 28
73 72 19
74 0 9
74 3 34
74 4 31
74 5 40
74 7 25
74 9 8
74 10 10
74 11 18
74 12 1
74 13 24
74 15 9
74 16 15
74 17 39
74 19 11
74 20 32
74 22 33
74 23 42
74 24 26
74 26 23
74 27 34
74 30 28
74 31 33
74 33 35
74 42 32
74 44 15
74 46 27
74 47 36
74 48 0
74 49 19
74 53 14
74 54 36
74 55 18
74 56 7
74 57 29
74 58 2
74 59 38
74 60 13
74 61 16
74 63 18
74 67 3
74 72 12
75 0 38
75 2 4
75 4 32
75 6 15
75 7 38
75 9 17
75 10 32
75 11 21
75 12 22
75 13 34
75 17 37
75 19 36
75 20 22
75 21 42
75 22 42
75 25 32
75 26 25
75 27 35
75 28 10
75 29 31
75 34 41
75 35 0
75 37 24
75 39 42
75 40 14
75 41 27
75 44 31
75 48 30
75 49 5
75 50 17
75 51 1
75 52 27
75 59 26
75 62 25
75 63 3
75 68 35
75 70 17
75 71 39
75 72 31
75 73 33
75 74 35
76 0 8
76 1 10
76 3 12
76 5 34
76 7 13
76 10 42
76 11 41
76 12 42
76 13 24
76 16 13
76 18 13
76 19 5
76 23 1
76 24 32
76 27 8
76 29 18
76 30 8
76 34 13
76 35 18
76 38 40
76 40 26
76 42 24
76 44 4
76 45 16
76 47 11
76 48 21
76 50 35
76 54 20
76 55 27
76 56 7
76 61 39
76 63 10
76 64 40
76 67 26
76 68 36
76 69 9
76 71 42
76 72 39
76 73 29
77 1 41
77 7 16
77 8 2
77 10 15
77 11 2
77 13 11
77 15 0
77 18 42
77 19 37
77 22 10
77 26 36
77 27 15
77 29 22
77 30 8
77 31 36
77 32 20
77 36 39
77 38 2
77 39 14
77 40 20
77 43 32
77 50 23
77 55 38
77 58 30
77 61 21
77 64 42
77 65 11
77 66 7
77 67 25
77 68 11
77 70 25
77 71 16
77 74 1
77 75 23
78 4 39
78 6 40
78 8 5
78 11 27
78 13 5
78 16 24
78 20 25
78 22 14
78 24 37
78 25 12
78 26 17
78 28 23
78 30 26
78 32 31
78 33 1
78 38 3
78 39 40
78 41 40
78 42 3
78 45 18
78 46 9
78 47 37
78 52 19
78 53 0
78 55 40
78 56 26
78 58 8
78 60 32
78 62 21
78 63 7
78 68 15
78 69 24
78 70 1
78 71 10
78 72 15
78 75 28
79 0 18
79 1 5
79 3 7
79 4 5
79 6 18
79 7 23
79 8 1
79 9 28
79 11 26
79 12 33
79 14 35
79 15 23
79 16 40
79 17 7
79 22 7
79 23 5
79 24 17
79 25 20
79 28 10
79 29 12
79 30 14
79 31 12
79 32 40
79 34 29
79 36 7
79 37 8
79 38 29
79 39 14
79 40 11
79 42 15
79 48 32
79 50 30
79 55 14
79 57 40
79 59 24
79 60 0
79 61 27
79 62 6
79 63 29
79 64 40
79 65 41
79 66 36
79 69 23
79 70 17
79 74 36
79 76 27
79 78 19
79 79 21
80 0 7
80 1 42
80 5 39
80 7 33
80 8 36
80 12 38
80 15 0
80 16 9
80 17 2
80 19 4
80 20 2
80 21 35
80 25 4
80 26 13
80 27 13
80 28 18
80 31 3
80 35 15
80 36 18
80 37 13
80 38 4
80 42 40
80 43 6
80 44 28
80 45 8
80 48 36
80 49 40
80 50 2
80 53 19
80 56 18
80 59 42
80 62 39
80 67 7
80 70 42
80 71 22
80 72 42
80 73 16
80 75 19
80 78 26
81 0 6
81 1 11
81 3 36
81 4 8
81 10 26
81 12 8
81 15 8
81 18 30
81 19 15
81 20 24
81 22 17
81 26 4
81 29 19
81 30 30
81 32 35
81 33 12
81 36 36
81 42 5
81 43 25
81 44 32
81 45 34
81 46 13
81 48 27
81 51 8
81 57 2
81 59 25
81 61 41
81 66 6
81 70 30
81 76 20
81 77 18
81 78 26
81 79 16
81 81 39
82 0 21
82 1 29
82 2 3
82 4 35
82 8 41
82 14 21
82 18 32
82 21 5
82 22 20
82 23 41
82 25 38
82 26 42
82 27 8
82 30 29
82 34 13
82 35 27
82 36 15
82 38 21
82 39 20
82 41 25
82 42 6
82 44 22
82 49 39
82 50 23
82 51 25
82 52 17
82 54 22
82 57 27
82 61 16
82 64 39
82 67 15
82 70 29
82 71 37
82 73 37
82 74 37
82 75 13
82 81 8
82 82 22
83 0 19
83 1 16
83 2 12
83 7 32
83 9 15
83 10 36
83 12 4
83 15 40
83 17 10
83 18 15
83 20 6
83 21 30
83 24 7
83 26 18
83 31 26
83 34 39
83 36 2
83 45 42
83 47 24
83 50 6
83 53 0
83 57 23
83 59 31
83 62 13
83 63 40
83 64 34
83 67 27
83 68 27
83 70 10
83 71 39
83 77 7
83 79 26
83 80 32
83 81 7
83 82 11
84 1 14
84 2 39
84 3 11
84 5 42
84 6 19
84 10 6
84 12 0
84 13 8
84 16 18
84 17 13
84 20 15
84 24 18
84 25 27
84 28 26
84 32 0
84 33 42
84 39 8
84 41 39
84 42 12
84 44 29
84 45 24
84 49 33
84 52 19
84 53 1
84 54 6
84 58 35
84 61 22
84 62 18
84 64 15
84 65 10
84 66 19
84 67 24
84 68 6
84 69 0
84 70 5
84 72 27
84 75 21
84 77 34
84 80 13
84 81 29
84 82 1
84 83 8
85 0 1
85 2 12
85 3 3
85 5 20
85 6 8
85 8 21
85 9 12
85 12 16
85 13 5
85 20 20
85 22 37
85 24 23
85 25 18
85 26 2
85 27 7
85 28 0
85 29 12
85 33 25
85 35 2
85 37 0
85 38 20
85 39 29
85 40 14
85 41 19
85 42 23
85 43 8
85 44 20
85 52 39
85 53 27
85 54 27
85 56 22
85 57 12
85 59 18
85 62 29
85 64 25
85 65 41
85 70 35
85 71 23
85 74 38
85 76 32
85 78 21
85 80 15
85 81 4
85 84 36
85 85 37
86 1 17
86 2 37
86 3 5
86 5 24
86 6 18
86 11 39
86 13 37
86 14 19
86 15 21
86 16 15
86 17 26
86 24 25
86 26 34
86 27 31
86 28 12
86 31 8
86 33 36
86 36 28
86 38 12
86 40 31
86 43 6
86 45 7
86 46 12
86 47 29
86 49 7
86 50 27
86 52 22
86 53 39
86 55 9
86 57 29
86 59 18
86 60 29
86 61 5
86 62 14
86 66 9
86 67 37
86 68 37
86 69 22
86 71 34
86 72 4
86 73 19
86 74 15
86 75 21
86 76 7
86 79 11
86 81 34
86 82 34
87 1 41
87 3 12
87 4 8
87 5 22
87 6 8
87 9 11
87 13 3
87 16 24
87 18 4
87 19 34
87 20 30
87 21 10
87 23 28
87 24 10
87 25 17
87 27 20
87 28 15
87 30 15
87 32 16
87 36 19
87 38 30
87 39 11
87 40 6
87 44 11
87 45 32
87 46 39
87 47 9
87 48 22
87 50 12
87 51 4
87 53 18
87 55 13
87 57 26
87 58 23
87 60 27
87 67 41
87 68 19
87 69 6
87 70 36
87 74 31
87 79 29
87 82 20
87 83 38
87 84 27
87 85 29
88 1 41
88 2 33
88 8 21
88 12 24
88 13 36
88 14 16
88 16 17
88 19 41
88 21 1
88 23 2
88 24 12
88 29 37
88 31 39
88 32 33
88 35 41
88 36 25
88 37 25
88 40 25
88 42 23
88 43 28
88 44 14
88 46 18
88 47 37
88 49 34
88 50 17
88 52 29
88 53 5
88 55 26
88 57 11
88 59 20
88 60 5
88 61 16
88 63 7
88 64 3
88 65 5
88 68 5
88 69 2
88 72 23
88 73 11
88 77 0
88 78 10
88 79 5
88 80 39
88 82 2
88 83 2
88 86 14
88 87 40
89 0 0
89 5 16
89 7 22
89 8 0
89 9 1
89 11 11
89 14 19
89 15 23
89 17 36
89 18 21
89 19 25
89 21 36
89 23 28
89 26 29
89 27 21
89 28 15
89 30 38
89 31 21
89 32 19
89 34 31
89 35 12
89 36 1
89 37 24
89 38 27
89 42 22
89 43 37
89 44 28
89 52 7
89 53 26
89 54 6
89 55 29
89 56 31
89 57 29
89 59 1
89 61 0
89 62 9
89 68 25
89 71 4
89 74 22
89 75 30
89 77 4
89 78 5
89 79 23
89 80 5
89 82 11
89 85 21
89 88 4
90 0 0
90 4 30
90 5 23
90 7 19
90 8 33
90 10 19
90 11 13
90 15 11
90 16 32
90 17 24
90 18 29
90 19 17
90 20 14
90 21 36
90 24 14
90 25 29
90 26 4
90 29 22
90 30 13
90 32 24
90 33 16
90 34 4
90 36 22
90 38 38
90 44 29
90 45 26
90 46 0
90 47 12
90 48 18
90 51 8
90 53 42
90 66 35
90 73 13
90 76 35
90 77 10
90 79 31
90 80 1
90 82 19
90 85 32
90 86 10
91 0 7
91 3 25
91 9 30
91 10 33
91 12 34
91 16 40
91 18 39
91 20 23
91 23 34
91 24 23
91 25 13
91 26 3
91 27 3
91 30 16
91 32 30
91 33 2
91 34 13
91 37 5
91 40 26
91 41 8
91 43 15
91 44 10
91 45 42
91 48 34
91 50 22
91 51 29
91 54 38
91 56 12
91 58 31
91 59 34
91 60 12
91 61 0
91 62 22
91 64 33
91 65 17
91 68 26
91 70 12
91 71 17
91 79 30
91 80 36
91 81 35
91 82 42
91 83 37
91 84 11
91 85 30
91 86 12
91 90 4
91 91 19
92 0 34
92 3 10
92 7 4
92 11 1
92 12 14
92 13 30
92 15 21
92 16 0
92 18 8
92 19 37
92 21 14
92 22 11
92 23 36
92 25 32
92 26 15
92 30 31
92 31 34
92 32 14
92 34 41
92 35 41
92 38 31
92 41 32
92 42 22
92 43 11
92 46 8
92 47 30
92 49 10
92 51 4
92 52 7
92 55 23
92 56 4
92 58 32
92 63 4
92 68 33
92 71 33
92 72 38
92 78 4
92 82 37
92 83 27
92 84 1
92 86 13
92 87 32
92 88 41
92 91 9
92 92 42
93 1 23
93 2 21
93 3 39
93 4 34
93 9 16
93 14 16
93 17 4
93 18 9
93 19 19
93 20 33
93 21 27
93 26 42
93 28 15
93 30 2
93 32 32
93 35 19
93 43 19
93 44 32
93 45 15
93 46 8
93 47 27
93 48 20
93 50 38
93 51 41
93 53 25
93 56 1
93 57 1
93 58 7
93 60 35
93 64 23
93 65 41
93 67 24
93 69 30
93 70 7
93 71 3
93 72 35
93 76 25
93 80 29
93 82 21
93 83 25
93 84 23
93 85 10
93 86 23
93 87 9
93 88 0
93 91 41
94 1 7
94 4 20
94 5 15
94 6 24
94 8 6
94 9 8
94 13 30
94 16 17
94 17 30
94 18 14
94 19 19
94 20 12
94 26 40
94 27 13
94 31 18
94 34 31
94 37 29
94 38 32
94 39 10
94 40 7
94 48 31
94 50 18
94 51 1
94 53 30
94 54 35
94 56 34
94 59 24
94 60 26
94 61 28
94 62 22
94 63 19
94 65 2
94 67 30
94 69 40
94 75 3
94 76 12
94 77 30
94 81 26
94 84 36
94 91 11
95 0 1
95 3 15
95 6 4
95 7 40
95 9 40
95 17 18
95 18 18
95 21 16
95 22 25
95 23 15
95 26 6
95 29 27
95 32 34
95 33 22
95 36 5
95 39 24
95 40 28
95 41 5
95 43 2
95 46 1
95 49 37
95 50 35
95 51 31
95 53 4
95 54 9
95 55 25
95 56 19
95 57 34
95 58 36
95 59 40
95 60 17
95 63 32
95 65 36
95 67 26
95 68 37
95 69 8
95 70 29
95 72 26
95 73 25
95 74 30
95 76 15
95 78 39
95 79 17
95 80 31
95 81 37
95 82 37
95 83 32
95 84 40
95 85 8
95 86 28
95 91 22
95 94 35
96 1 14
96 11 6
96 12 7
96 14 26
96 16 7
96 17 7
96 18 19
96 20 7
96 22 2
96 24 13
96 25 11
96 29 4
96 32 27
96 33 16
96 34 22
96 44 29
96 45 33
96 46 37
96 47 42
96 49 21
96 52 25
96 55 16
96 57 28
96 60 31
96 61 26
96 62 9
96 63 35
96 64 41
96 66 24
96 67 38
96 68 15
96 69 11
96 74 7
96 75 17
96 77 29
96 78 12
96 80 38
96 81 32
96 82 4
96 86 6
96 89 22
96 91 9
96 92 0
96 93 2
96 95 16
97 5 10
97 7 28
97 8 3
97 11 39
97 13 10
97 14 4
97 16 34
97 17 2
97 20 30
97 21 26
97 22 19
97 23 24
97 24 31
97 26 18
97 28 37
97 29 10
97 33 18
97 34 6
97 35 19
97 36 26
97 37 18
97 38 19
97 40 33
97 41 14
97 43 27
97 46 30
97 47 7
97 48 11
97 51 8
97 52 19
97 56 18
97 57 19
97 58 36
97 59 16
97 61 3
97 62 22
97 63 2
97 65 10
97 67 6
97 69 7
97 71 42
97 72 26
97 74 15
97 75 18
97 77 18
97 78 16
97 79 3
97 81 30
97 82 41
97 84 3
97 85 23
97 87 0
97 88 12
97 89 32
97 90 29
97 91 10
97 92 36
97 93 9
97 94 28
97 95 16
97 96 14
97 97 9
98 0 0
98 4 18
98 5 40
98 6 42
98 11 11
98 12 4
98 16 22
98 20 42
98 22 1
98 25 32
98 26 29
98 30 15
98 32 14
98 33 17
98 34 18
98 35 35
98 36 41
98 40 38
98 42 7
98 43 8
98 45 0
98 47 22
98 49 25
98 55 14
98 58 5
98 62 17
98 63 12
98 64 24
98 65 7
98 72 12
98 76 1
98 77 36
98 78 32
98 80 5
98 81 3
98 83 21
98 84 20
98 86 25
98 91 14
98 93 38
98 96 37
98 97 30
98 98 23
99 0 34
99 3 5
99 4 26
99 5 36
99 6 19
99 8 42
99 9 40
99 13 42
99 15 4
99 16 28
99 19 7
99 21 24
99 22 31
99 24 25
99 26 26
99 27 32
99 28 6
99 32 27
99 33 20
99 35 37
99 39 17
99 40 21
99 41 38
99 43 11
99 44 23
99 46 15
99 49 17
99 50 22
99 52 40
99 54 3
99 55 36
99 57 32
99 58 35
99 61 7
99 64 21
99 65 8
99 68 25
99 69 36
99 72 28
99 73 36
99 74 21
99 75 25
99 76 36
99 77 7
99 82 40
99 86 16
99 87 35
99 90 36
99 91 33
99 92 7
99 99 38
