100 2525
1 1 33
2 0 13
3 1 10
3 2 27
3 3 17
4 0 1
4 1 9
4 2 26
4 4 1
5 3 11
6 0 3
6 1 13
6 5 30
6 6 19
7 1 26
7 3 30
7 4 37
7 7 22
8 1 4
8 2 24
8 4 27
8 5 16
9 0 2
9 2 4
9 3 5
9 5 34
9 7 12
10 1 24
10 2 26
10 3 6
10 4 0
10 6 10
11 0 42
11 4 12
11 5 42
11 6 17
11 7 42
11 8 19
12 0 40
12 1 31
12 2 13
12 4 29
12 6 32
12 9 26
12 12 9
13 0 4
13 1 1
13 3 34
13 4 33
13 5 11
13 10 33
13 12 18
14 1 1
14 2 36
14 4 38
14 5 39
14 8 15
14 9 25
14 11 4
14 12 41
14 13 37
15 1 3
15 5 7
15 10 16
15 12 15
15 13 32
15 14 27
15 15 38
16 2 11
16 3 36
16 5 21
16 6 12
16 9 5
16 10 19
16 14 12
17 2 41
17 4 27
17 5 10
17 8 25
17 9 15
17 10 25
17 13 15
17 14 33
17 15 5
17 16 16
18 3 6
18 6 38
18 8 37
18 10 16
18 11 31
18 13 33
18 14 13
18 17 30
19 1 14
19 3 26
19 5 3
19 7 2
19 10 15
19 11 36
19 12 14
19 13 20
19 15 7
20 1 38
20 3 13
20 4 2
20 5 9
20 6 0
20 7 0
20 10 7
20 11 28
20 12 19
20 13 16
20 15 16
20 17 15
20 19 4
21 0 40
21 1 16
21 2 7
21 3 37
21 4 39
21 5 26
21 6 10
21 8 10
21 9 27
21 10 6
21 14 13
21 18 14
21 19 33
21 21 40
22 4 28
22 5 13
22 6 36
22 7 12
22 13 2
22 16 10
22 17 6
22 19 28
23 0 34
23 1 16
23 2 27
23 3 21
23 5 1
23 7 28
23 8 19
23 9 35
23 10 42
23 12 25
23 13 42
23 14 7
23 15 11
23 16 23
23 21 25
24 2 12
24 4 10
24 6 13
24 7 21
24 8 18
24 10 18
24 11 7
24 12 31
24 15 7
25 0 16
25 1 2
25 2 1
25 3 21
25 5 36
25 9 33
25 10 16
25 11 20
25 13 10
25 14 16
25 15 7
25 16 10
25 17 3
25 19 4
25 20 31
25 21 10
25 22 33
25 23 11
25 24 30
25 25 17
26 0 40
26 3 25
26 6 14
26 9 27
26 10 0
26 12 19
26 13 2
26 16 17
26 18 41
26 19 15
26 21 3
26 23 31
26 24 30
27 0 37
27 1 1
27 3 13
27 6 18
27 7 7
27 8 13
27 10 6
27 11 42
27 13 23
27 16 28
27 17 2
27 22 19
27 23 33
27 27 14
28 0 14
28 1 4
28 2 3
28 6 18
28 7 42
28 9 20
28 10 25
28 13 5
28 15 30
28 16 1
28 20 12
28 22 14
28 23 8
28 24 15
28 25 15
28 27 30
29 0 32
29 1 7
29 5 42
29 7 15
29 9 6
29 10 20
29 12 24
29 14 23
29 15 11
29 18 16
29 22 22
29 23 34
29 24 20
29 29 1
30 1 4
30 3 27
30 4 7
30 6 23
30 7 13
30 10 26
30 11 41
30 12 9
30 15 35
30 17 4
30 18 30
30 19 14
30 20 31
30 21 3
30 23 31
30 24 36
30 25 28
30 26 4
30 27 40
30 28 25
31 0 10
31 1 13
31 3 36
31 10 27
31 11 33
31 13 23
31 14 42
31 18 0
31 22 1
31 23 39
31 26 6
31 27 24
31 30 29
32 0 34
32 1 37
32 3 20
32 4 11
32 5 12
32 12 0
32 13 10
32 14 37
32 16 38
32 21 38
32 23 16
32 25 27
32 26 19
32 27 22
32 31 11
32 32 21
33 0 13
33 1 40
33 2 36
33 3 23
33 7 8
33 9 34
33 11 33
33 12 37
33 16 30
33 21 25
33 25 40
33 26 41
33 28 1
34 0 32
34 1 27
34 2 2
34 3 38
34 4 0
34 6 40
34 9 8
34 11 6
34 12 42
34 16 13
34 18 30
34 20 18
34 22 3
34 24 37
34 26 30
34 29 15
34 31 25
34 32 2
35 0 15
35 2 38
35 3 7
35 4 31
35 5 7
35 8 19
35 9 17
35 10 25
35 11 32
35 15 24
35 16 38
35 18 1
35 23 10
35 24 0
35 28 5
35 30 22
35 31 12
35 32 31
35 33 23
35 34 37
36 1 33
36 5 26
36 6 24
36 7 18
36 8 37
36 15 1
36 16 9
36 22 5
36 25 2
36 26 14
36 27 14
36 28 26
36 29 26
36 30 23
36 31 36
36 33 22
36 35 17
37 1 28
37 9 27
37 10 21
37 12 4
37 16 18
37 21 20
37 23 4
37 26 17
37 28 10
37 29 41
37 30 28
37 31 34
37 32 22
37 34 5
37 35 30
37 37 14
38 0 21
38 1 16
38 3 8
38 4 30
38 5 37
38 7 41
38 9 24
38 11 7
38 15 36
38 17 29
38 19 38
38 22 27
38 23 27
38 24 37
38 28 28
38 29 41
38 30 11
38 31 2
38 33 21
38 34 29
38 35 42
38 38 0
39 2 5
39 4 40
39 5 39
39 6 37
39 9 15
39 12 6
39 15 11
39 19 41
39 21 32
39 24 6
39 25 12
39 26 26
39 27 25
39 31 23
39 33 36
39 34 17
39 35 30
39 37 11
40 1 17
40 5 25
40 7 1
40 10 27
40 12 19
40 13 12
40 15 19
40 16 7
40 17 38
40 18 33
40 19 35
40 20 7
40 21 20
40 22 16
40 23 30
40 24 41
40 26 40
40 28 0
40 29 30
40 30 19
40 31 17
40 32 39
40 33 42
40 34 9
40 36 22
40 37 33
40 39 26
41 0 35
41 1 19
41 2 19
41 3 37
41 6 4
41 7 41
41 9 12
41 13 36
41 14 19
41 17 16
41 20 31
41 22 42
41 24 11
41 25 27
41 26 16
41 29 18
41 31 42
41 32 4
41 33 40
41 34 34
41 35 24
41 36 39
41 37 21
41 39 14
41 41 0
42 0 41
42 1 7
42 4 21
42 6 13
42 8 16
42 9 19
42 10 26
42 11 9
42 13 0
42 15 19
42 16 28
42 17 12
42 19 11
42 20 16
42 23 8
42 24 1
42 26 23
42 28 24
42 29 22
42 31 31
42 33 9
42 34 11
42 36 11
42 38 6
42 41 13
43 3 24
43 5 9
43 6 7
43 8 17
43 11 21
43 12 1
43 14 9
43 18 1
43 19 25
43 22 39
43 26 35
43 27 41
43 28 17
43 29 31
43 32 15
43 33 0
43 34 20
43 35 38
43 37 4
43 38 39
43 39 23
43 40 15
43 42 36
44 1 27
44 4 41
44 5 0
44 6 37
44 8 21
44 12 14
44 15 20
44 16 20
44 19 1
44 21 24
44 25 28
44 33 29
44 35 4
44 36 16
44 37 36
44 38 14
44 39 23
44 40 19
44 41 15
44 42 20
45 0 12
45 3 24
45 4 20
45 7 39
45 13 32
45 15 36
45 16 33
45 19 14
45 24 15
45 27 41
45 28 3
45 31 41
45 35 15
45 36 7
45 39 39
45 41 12
45 43 1
45 44 21
46 0 17
46 1 6
46 3 16
46 4 28
46 6 26
46 7 8
46 8 40
46 11 41
46 12 40
46 14 20
46 15 17
46 16 6
46 19 23
46 23 11
46 24 18
46 26 31
46 27 5
46 28 4
46 37 13
46 39 35
46 40 6
47 2 27
47 4 11
47 12 33
47 19 3
47 20 33
47 29 29
47 30 21
47 32 39
47 36 35
47 40 4
47 41 40
47 43 17
47 44 32
47 45 15
47 47 34
48 0 7
48 5 36
48 6 21
48 7 3
48 9 0
48 10 6
48 11 14
48 15 30
48 16 37
48 19 42
48 21 33
48 22 42
48 23 23
48 24 1
48 26 5
48 28 12
48 29 18
48 31 33
48 33 37
48 36 29
48 37 37
48 38 32
48 40 3
48 42 6
48 44 16
48 45 12
48 46 27
49 6 23
49 7 8
49 8 13
49 9 39
49 10 36
49 11 8
49 12 27
49 13 2
49 14 20
49 15 10
49 20 31
49 21 29
49 27 35
49 29 26
49 30 12
49 31 3
49 34 0
49 36 14
49 37 13
49 38 13
49 40 7
49 42 32
49 43 26
49 45 4
50 2 8
50 3 41
50 4 8
50 7 33
50 8 2
50 11 35
50 12 37
50 14 25
50 15 36
50 22 22
50 24 15
50 25 40
50 26 20
50 27 21
50 28 0
50 29 25
50 31 14
50 34 36
50 35 24
50 36 2
50 38 24
50 39 20
50 40 13
50 41 23
50 42 2
50 44 37
50 47 30
50 48 3
51 2 17
51 4 16
51 5 21
51 6 1
51 8 34
51 13 25
51 14 25
51 16 20
51 18 2
51 19 30
51 22 35
51 23 7
51 24 33
51 27 13
51 28 39
51 29 20
51 30 16
51 31 26
51 32 40
51 33 29
51 34 26
51 35 21
51 36 21
51 39 32
51 40 2
51 42 12
51 43 11
51 46 30
51 47 13
51 48 12
51 50 0
52 0 0
52 1 17
52 2 36
52 5 36
52 6 33
52 7 34
52 8 15
52 11 20
52 12 20
52 13 1
52 15 7
52 22 33
52 23 21
52 28 31
52 29 19
52 30 34
52 32 21
52 36 7
52 38 21
52 39 13
52 40 41
52 41 9
52 44 28
52 45 9
52 49 3
52 50 31
53 2 6
53 3 35
53 4 27
53 7 33
53 9 15
53 10 11
53 11 34
53 13 11
53 14 0
53 15 39
53 18 12
53 19 32
53 20 31
53 21 25
53 25 42
53 26 12
53 28 42
53 29 20
53 30 13
53 32 8
53 35 17
53 36 36
53 38 26
53 39 17
53 41 21
53 43 36
53 44 17
53 47 9
53 50 29
53 51 11
54 1 13
54 3 11
54 6 35
54 7 6
54 8 30
54 9 32
54 13 30
54 14 4
54 16 30
54 17 5
54 18 22
54 20 4
54 22 21
54 24 26
54 25 25
54 27 16
54 30 38
54 31 18
54 33 41
54 35 1
54 36 4
54 37 9
54 38 21
54 39 10
54 42 32
54 43 6
54 45 8
54 46 33
54 47 15
54 48 7
54 49 42
54 52 14
54 53 5
55 1 19
55 4 30
55 6 25
55 7 34
55 10 18
55 12 24
55 13 8
55 15 29
55 18 39
55 23 20
55 24 30
55 25 29
55 27 14
55 28 19
55 29 7
55 30 9
55 35 28
55 36 28
55 37 28
55 38 16
55 39 5
55 42 40
55 43 38
55 47 40
55 48 7
55 49 40
55 50 23
55 51 4
55 52 42
55 53 12
56 0 40
56 2 24
56 4 27
56 6 34
56 8 30
56 9 39
56 12 23
56 14 8
56 20 3
56 23 14
56 25 27
56 26 39
56 27 21
56 28 34
56 29 41
56 32 8
56 33 20
56 34 0
56 35 33
56 36 0
56 37 29
56 39 18
56 40 18
56 41 1
56 42 33
56 47 13
56 48 8
56 50 22
56 51 37
56 54 2
56 55 28
56 56 1
57 4 13
57 5 29
57 6 18
57 7 4
57 9 7
57 10 16
57 12 10
57 13 20
57 15 22
57 17 6
57 18 21
57 19 0
57 20 19
57 21 0
57 22 18
57 23 32
57 25 22
57 26 1
57 28 19
57 29 32
57 33 33
57 34 42
57 38 29
57 44 42
57 46 16
57 47 0
57 49 16
57 50 19
57 52 16
57 53 33
57 55 28
57 57 9
58 8 13
58 10 33
58 12 16
58 13 9
58 14 22
58 16 12
58 20 37
58 21 29
58 23 18
58 29 42
58 30 19
58 31 37
58 35 4
58 36 0
58 37 42
58 38 38
58 41 17
58 43 0
58 51 6
58 53 2
58 54 24
58 56 36
59 0 4
59 2 20
59 3 22
59 8 13
59 9 13
59 11 36
59 13 18
59 15 30
59 16 1
59 17 42
59 20 5
59 23 39
59 24 12
59 25 27
59 26 19
59 27 32
59 28 11
59 29 42
59 31 42
59 32 8
59 33 16
59 34 10
59 37 6
59 38 11
59 41 24
59 43 11
59 45 35
59 53 2
59 55 36
60 0 19
60 2 16
60 4 6
60 5 11
60 6 12
60 7 32
60 8 33
60 9 21
60 11 13
60 12 13
60 13 31
60 15 32
60 19 42
60 21 34
60 23 11
60 31 22
60 32 33
60 34 33
60 39 30
60 44 41
60 45 24
60 46 4
60 47 35
60 49 7
60 50 24
60 51 41
60 52 16
60 53 19
60 56 40
60 59 6
61 1 0
61 3 1
61 4 21
61 7 37
61 9 23
61 10 1
61 13 13
61 14 2
61 15 29
61 17 20
61 19 6
61 22 39
61 23 32
61 24 20
61 33 34
61 36 30
61 38 21
61 39 17
61 40 9
61 43 30
61 45 16
61 46 39
61 47 12
61 48 40
61 49 36
61 50 12
61 51 25
61 52 40
61 54 29
61 55 9
61 56 19
61 58 29
61 59 30
61 60 21
62 0 34
62 3 9
62 5 18
62 6 10
62 7 39
62 8 23
62 11 1
62 12 33
62 14 40
62 16 38
62 17 35
62 21 9
62 22 38
62 24 35
62 29 26
62 31 4
62 32 31
62 33 41
62 38 40
62 41 39
62 42 21
62 44 35
62 46 31
62 47 6
62 51 30
62 52 12
62 53 39
62 55 2
62 58 37
62 60 13
62 62 30
63 3 6
63 10 5
63 11 42
63 14 32
63 15 5
63 17 27
63 18 37
63 21 17
63 23 33
63 27 39
63 28 10
63 29 20
63 34 11
63 42 16
63 44 18
63 45 14
63 46 37
63 47 11
63 48 18
63 53 22
63 56 6
63 57 9
63 58 26
63 59 25
63 60 31
64 0 12
64 2 9
64 3 20
64 4 40
64 5 15
64 6 30
64 9 34
64 13 36
64 16 36
64 18 3
64 19 29
64 21 2
64 22 35
64 23 37
64 25 37
64 31 12
64 32 6
64 33 25
64 34 8
64 37 31
64 39 4
64 40 5
64 43 5
64 44 1
64 45 0
64 46 40
64 49 38
64 51 9
64 54 4
64 55 37
64 56 19
64 58 18
64 59 19
64 60 9
65 4 6
65 5 26
65 6 4
65 7 40
65 10 40
65 13 6
65 14 13
65 16 27
65 20 16
65 23 15
65 24 5
65 25 11
65 26 19
65 27 14
65 28 26
65 29 10
65 31 24
65 32 40
65 34 35
65 36 37
65 39 0
65 40 24
65 41 8
65 42 27
65 43 34
65 47 7
65 48 27
65 51 19
65 55 16
65 59 15
65 60 14
65 64 1
66 2 34
66 3 41
66 5 42
66 6 5
66 7 0
66 8 7
66 10 29
66 11 10
66 12 36
66 14 9
66 15 36
66 20 4
66 22 23
66 23 33
66 24 28
66 25 13
66 27 35
66 30 6
66 31 18
66 32 20
66 33 4
66 37 13
66 38 30
66 39 7
66 47 35
66 48 9
66 49 21
66 52 3
66 56 10
66 57 35
66 60 11
66 62 20
66 63 40
66 64 17
66 65 42
67 2 16
67 3 35
67 4 13
67 8 1
67 9 22
67 10 39
67 13 25
67 17 25
67 19 8
67 20 42
67 21 2
67 24 6
67 25 10
67 27 25
67 28 33
67 29 28
67 30 1
67 31 36
67 32 2
67 33 20
67 35 19
67 36 40
67 37 14
67 38 36
67 40 29
67 41 36
67 42 40
67 44 3
67 48 24
67 49 39
67 51 10
67 52 21
67 53 19
67 55 35
67 56 38
67 58 29
67 60 28
67 61 27
67 62 11
67 63 37
67 65 29
67 66 19
68 2 1
68 4 28
68 18 9
68 21 5
68 22 13
68 23 39
68 24 2
68 25 13
68 27 32
68 28 12
68 29 11
68 30 1
68 32 3
68 42 22
68 45 12
68 47 21
68 52 3
68 53 39
68 55 24
68 56 4
68 58 33
68 61 26
68 62 24
69 0 20
69 1 25
69 2 10
69 5 10
69 10 11
69 11 11
69 12 25
69 13 24
69 14 26
69 18 7
69 20 36
69 23 18
69 26 37
69 31 4
69 34 36
69 37 28
69 38 30
69 39 35
69 44 0
69 45 1
69 46 42
69 47 41
69 48 38
69 50 28
69 51 7
69 53 22
69 56 21
69 57 19
69 59 6
69 60 1
69 61 18
69 62 32
69 65 31
69 67 40
69 69 30
70 0 29
70 3 5
70 4 30
70 9 31
70 13 28
70 14 36
70 16 42
70 18 8
70 22 12
70 23 29
70 24 15
70 26 28
70 27 0
70 30 3
70 34 9
70 37 34
70 39 4
70 44 33
70 45 33
70 47 15
70 48 14
70 50 4
70 51 15
70 52 21
70 53 22
70 56 26
70 58 13
70 59 35
70 60 36
70 61 11
70 63 38
70 64 4
70 66 9
70 69 24
71 2 28
71 5 30
71 6 10
71 8 38
71 9 13
71 13 39
71 15 42
71 20 12
71 21 5
71 22 34
71 24 3
71 31 31
71 35 39
71 36 36
71 37 28
71 39 36
71 41 30
71 43 38
71 45 7
71 48 9
71 49 30
71 50 9
71 51 34
71 52 26
71 56 6
71 57 37
71 58 5
71 59 2
71 60 15
71 63 18
71 65 4
71 66 13
72 1 27
72 3 23
72 4 5
72 5 9
72 7 11
72 8 4
72 11 5
72 14 25
72 19 21
72 20 0
72 23 1
72 28 20
72 29 12
72 30 29
72 31 41
72 32 38
72 34 15
72 35 38
72 36 19
72 37 15
72 38 24
72 39 33
72 41 11
72 45 21
72 49 41
72 51 34
72 52 16
72 58 35
72 60 16
72 63 36
72 64 26
72 65 12
72 66 40
72 67 7
72 68 42
72 71 26
72 72 29
73 2 26
73 5 22
73 10 24
73 11 24
73 13 2
73 14 4
73 15 8
73 17 40
73 18 26
73 19 28
73 23 9
73 24 13
73 25 8
73 26 30
73 27 7
73 28 32
73 33 4
73 34 23
73 36 26
73 39 19
73 41 12
73 44 8
73 46 25
73 47 11
73 51 21
73 54 10
73 56 17
73 58 28
73 59 12
73 65 32
73 66 38
73 67 40
73 68 9
73 73 0
74 0 5
74 2 30
74 3 14
74 5 22
74 6 18
74 9 1
74 10 30
74 11 5
74 14 4
74 15 23
74 17 27
74 18 7
74 21 9
74 23 25
74 25 25
74 27 13
74 28 2
74 29 3
74 31 0
74 33 10
74 39 17
74 41 10
74 42 19
74 43 13
74 47 35
74 48 40
74 50 29
74 51 7
74 54 4
74 55 41
74 60 1
74 61 17
74 62 4
74 63 0
74 64 17
74 69 11
74 70 25
74 71 25
74 72 39
74 73 16
75 0 21
75 1 27
75 2 42
75 3 29
75 4 1
75 8 12
75 10 13
75 11 6
75 12 5
75 13 41
75 14 39
75 17 31
75 20 19
75 21 18
75 22 14
75 23 6
75 27 12
75 28 28
75 30 6
75 31 42
75 32 10
75 34 1
75 37 41
75 40 3
75 41 41
75 42 29
75 43 24
75 47 23
75 48 4
75 50 35
75 51 20
75 52 42
75 55 3
75 59 39
75 60 39
75 64 5
75 68 4
75 69 22
75 70 22
75 72 8
76 0 13
76 1 5
76 3 32
76 4 21
76 5 9
76 7 34
76 11 39
76 13 3
76 16 22
76 21 17
76 22 21
76 23 5
76 24 13
76 25 24
76 27 5
76 30 35
76 31 5
76 34 30
76 36 24
76 37 9
76 38 38
76 39 8
76 41 38
76 43 9
76 44 26
76 47 17
76 49 7
76 50 7
76 52 42
76 53 28
76 57 19
76 64 34
76 67 14
76 68 37
76 69 22
76 70 15
76 73 28
76 74 32
76 75 22
77 2 11
77 5 35
77 6 16
77 9 38
77 11 4
77 12 3
77 14 34
77 15 39
77 16 6
77 18 9
77 19 17
77 20 32
77 22 10
77 26 9
77 27 20
77 30 28
77 33 36
77 34 34
77 35 21
77 37 4
77 39 9
77 40 36
77 46 15
77 47 8
77 48 24
77 49 5
77 52 39
77 53 0
77 55 41
77 58 17
77 60 34
77 61 5
77 62 2
77 64 9
77 69 17
77 71 17
77 73 2
77 74 22
77 76 18
78 0 27
78 1 36
78 2 24
78 3 19
78 4 2
78 5 22
78 6 21
78 7 32
78 9 34
78 10 24
78 12 10
78 13 2
78 14 20
78 15 0
78 17 17
78 20 7
78 24 42
78 25 14
78 30 36
78 31 5
78 35 24
78 37 12
78 39 36
78 41 16
78 42 34
78 45 11
78 48 23
78 49 41
78 52 0
78 53 10
78 54 11
78 56 6
78 57 14
78 58 17
78 59 40
78 61 26
78 66 26
78 68 27
78 69 11
78 70 20
78 71 38
78 76 20
78 77 40
79 0 27
79 1 40
79 3 22
79 7 42
79 8 39
79 9 37
79 11 41
79 12 31
79 13 9
79 14 26
79 18 7
79 20 17
79 26 26
79 27 12
79 29 10
79 30 18
79 32 31
79 33 31
79 34 33
79 35 37
79 36 25
79 37 17
79 39 13
79 41 30
79 43 30
79 44 9
79 45 4
79 49 2
79 50 12
79 51 12
79 60 30
79 64 1
79 65 17
79 66 13
79 67 11
79 68 28
79 69 42
79 70 17
79 71 33
79 72 41
79 73 28
79 74 8
79 75 0
80 0 36
80 1 19
80 2 36
80 6 32
80 7 19
80 8 20
80 10 8
80 11 9
80 12 36
80 16 16
80 18 42
80 20 33
80 21 0
80 22 4
80 28 26
80 30 40
80 33 34
80 36 29
80 37 12
80 38 3
80 39 24
80 40 35
80 41 7
80 45 31
80 46 5
80 47 30
80 49 27
80 51 17
80 52 25
80 54 3
80 56 8
80 60 36
80 61 19
80 62 6
80 66 8
80 67 17
80 69 40
80 72 0
80 75 29
80 77 10
80 78 12
81 0 20
81 2 20
81 5 9
81 6 13
81 10 24
81 12 28
81 15 20
81 19 0
81 21 29
81 23 41
81 27 36
81 30 29
81 32 29
81 34 2
81 36 36
81 38 10
81 42 15
81 43 42
81 44 42
81 45 7
81 46 15
81 47 27
81 48 5
81 49 41
81 51 24
81 57 8
81 58 2
81 60 39
81 61 30
81 64 40
81 69 16
81 78 33
81 80 38
82 0 14
82 1 10
82 3 1
82 4 24
82 5 28
82 10 15
82 11 13
82 12 17
82 15 21
82 16 2
82 19 12
82 21 19
82 26 17
82 27 2
82 29 13
82 32 40
82 34 30
82 37 39
82 38 20
82 43 19
82 46 31
82 47 25
82 49 23
82 51 8
82 53 39
82 55 30
82 62 34
82 63 31
82 65 6
82 66 19
82 69 0
82 70 25
82 73 11
82 74 37
82 78 36
82 81 38
83 0 16
83 1 5
83 2 14
83 3 24
83 4 24
83 5 28
83 8 32
83 11 27
83 12 1
83 14 18
83 15 24
83 17 30
83 18 37
83 19 36
83 20 9
83 21 40
83 22 6
83 24 5
83 25 26
83 26 10
83 30 9
83 32 20
83 33 15
83 34 39
83 36 42
83 37 36
83 38 26
83 42 27
83 44 31
83 46 41
83 48 35
83 49 0
83 50 8
83 51 32
83 53 24
83 54 22
83 55 16
83 58 11
83 60 27
83 61 31
83 62 24
83 64 28
83 65 8
83 67 9
83 69 1
83 70 13
83 74 38
83 75 19
83 76 30
83 79 39
83 81 18
83 83 40
84 0 6
84 3 7
84 4 20
84 5 1
84 6 4
84 7 31
84 14 4
84 15 39
84 18 18
84 29 30
84 30 0
84 31 23
84 33 32
84 34 40
84 36 21
84 38 20
84 39 1
84 42 29
84 43 18
84 50 31
84 51 3
84 53 9
84 57 13
84 58 9
84 59 34
84 62 12
84 64 24
84 65 8
84 66 39
84 67 12
84 68 34
84 71 25
84 73 23
84 76 0
84 78 7
84 80 37
84 82 17
85 2 14
85 4 33
85 5 13
85 6 32
85 7 36
85 8 0
85 9 21
85 11 26
85 12 19
85 13 38
85 14 5
85 16 20
85 21 30
85 24 27
85 25 40
85 26 30
85 27 9
85 29 28
85 32 20
85 35 33
85 36 8
85 37 22
85 41 10
85 43 33
85 44 1
85 45 14
85 46 42
85 48 35
85 52 35
85 55 36
85 59 32
85 61 2
85 63 35
85 67 15
85 68 16
85 69 0
85 71 14
85 73 6
85 74 41
85 77 40
85 82 11
86 2 29
86 3 19
86 5 31
86 6 28
86 9 29
86 13 25
86 14 4
86 16 12
86 17 7
86 22 20
86 23 4
86 24 5
86 27 25
86 28 32
86 29 38
86 31 14
86 33 32
86 35 4
86 38 19
86 41 21
86 43 41
86 46 23
86 47 26
86 48 16
86 50 41
86 53 23
86 55 17
86 56 5
86 57 32
86 61 24
86 62 12
86 66 3
86 67 5
86 68 10
86 73 37
86 83 32
86 84 27
86 85 14
87 1 16
87 2 40
87 4 39
87 7 20
87 8 16
87 13 32
87 18 22
87 19 30
87 22 23
87 23 18
87 29 42
87 31 35
87 32 30
87 33 23
87 38 35
87 40 18
87 41 28
87 42 14
87 45 34
87 46 5
87 48 31
87 50 33
87 52 11
87 53 4
87 57 37
87 60 32
87 62 22
87 63 7
87 66 28
87 67 25
87 68 28
87 69 20
87 70 14
87 72 30
87 74 34
87 76 38
87 78 3
87 79 17
87 80 7
87 84 32
87 85 33
87 86 33
87 87 21
88 0 23
88 1 11
88 2 35
88 3 40
88 8 18
88 9 15
88 10 29
88 11 31
88 14 28
88 17 35
88 18 27
88 19 17
88 22 8
88 25 19
88 26 32
88 27 22
88 30 24
88 34 33
88 35 33
88 36 0
88 37 17
88 38 3
88 39 9
88 42 40
88 43 6
88 45 10
88 46 3
88 53 25
88 54 26
88 55 20
88 57 30
88 60 7
88 61 24
88 62 5
88 63 41
88 66 15
88 67 10
88 68 26
88 70 12
88 73 23
88 78 34
88 80 16
88 84 16
88 85 31
88 86 10
89 0 13
89 1 35
89 8 36
89 10 32
89 11 12
89 15 26
89 16 6
89 20 15
89 23 32
89 24 12
89 25 2
89 26 10
89 33 25
89 34 26
89 37 7
89 38 23
89 39 22
89 41 26
89 42 34
89 43 7
89 45 16
89 46 41
89 47 27
89 49 4
89 51 39
89 53 42
89 62 4
89 64 11
89 65 4
89 66 41
89 67 41
89 68 5
89 69 36
89 71 9
89 73 35
89 75 33
89 76 42
89 77 29
89 80 38
89 85 37
89 86 0
89 87 10
89 89 9
90 0 36
90 1 25
90 3 15
90 6 0
90 7 38
90 8 22
90 10 42
90 13 1
90 17 10
90 19 13
90 20 38
90 21 6
90 23 33
90 24 25
90 25 3
90 27 9
90 29 1
90 30 8
90 31 8
90 32 22
90 33 34
90 38 1
90 39 14
90 40 32
90 41 10
90 42 0
90 43 40
90 45 36
90 47 11
90 49 29
90 53 0
90 54 31
90 56 7
90 57 6
90 63 29
90 64 32
90 65 38
90 67 38
90 68 34
90 71 5
90 73 23
90 76 37
90 77 8
90 79 14
90 80 20
90 84 28
90 85 32
90 86 41
91 0 37
91 2 21
91 4 36
91 5 33
91 8 1
91 10 1
91 13 19
91 18 1
91 19 42
91 20 21
91 21 24
91 24 0
91 28 12
91 30 7
91 33 30
91 35 41
91 37 32
91 40 18
91 41 20
91 44 1
91 45 10
91 49 20
91 51 31
91 52 4
91 54 13
91 55 7
91 56 13
91 57 0
91 58 2
91 59 30
91 61 12
91 65 31
91 66 14
91 79 13
91 81 28
91 83 36
91 84 24
91 85 20
91 87 25
91 89 6
91 90 18
92 3 24
92 5 36
92 7 38
92 8 27
92 12 13
92 13 18
92 14 9
92 15 14
92 16 27
92 17 36
92 18 10
92 19 37
92 24 6
92 25 40
92 27 0
92 31 0
92 32 19
92 33 4
92 36 26
92 38 23
92 40 40
92 41 31
92 45 20
92 46 5
92 47 33
92 49 4
92 52 16
92 54 22
92 57 28
92 59 12
92 60 32
92 61 27
92 64 9
92 66 9
92 67 37
92 68 5
92 69 6
92 71 23
92 72 8
92 74 0
92 75 30
92 76 30
92 77 41
92 78 30
92 79 18
92 83 24
92 84 20
92 86 1
92 87 14
92 89 3
92 90 26
92 91 18
93 2 7
93 3 26
93 4 21
93 5 26
93 6 32
93 9 32
93 10 37
93 11 37
93 15 12
93 16 8
93 19 10
93 20 7
93 23 16
93 24 5
93 25 4
93 27 27
93 28 9
93 29 0
93 32 4
93 33 1
93 34 4
93 36 31
93 37 25
93 40 41
93 42 41
93 44 0
93 46 41
93 47 6
93 48 27
93 49 1
93 52 37
93 55 4
93 56 10
93 58 39
93 63 42
93 64 20
93 66 31
93 67 35
93 70 39
93 71 10
93 76 3
93 79 33
93 82 41
93 83 39
93 85 7
93 86 5
93 88 23
93 92 6
94 0 32
94 1 36
94 2 27
94 3 23
94 5 41
94 6 20
94 7 23
94 10 18
94 18 14
94 19 29
94 20 27
94 21 39
94 22 38
94 26 38
94 29 8
94 30 4
94 31 9
94 34 26
94 37 40
94 39 22
94 42 28
94 48 18
94 51 12
94 53 4
94 56 42
94 57 31
94 58 16
94 62 14
94 65 33
94 68 39
94 69 29
94 71 31
94 73 37
94 76 9
94 78 32
94 79 31
94 80 14
94 82 2
94 85 33
94 92 29
95 3 40
95 4 10
95 8 36
95 12 10
95 13 38
95 14 35
95 16 42
95 19 1
95 21 3
95 22 13
95 23 25
95 24 38
95 25 3
95 29 36
95 30 30
95 32 2
95 33 28
95 35 10
95 38 1
95 40 33
95 42 24
95 46 18
95 47 42
95 50 9
95 51 25
95 52 18
95 53 27
95 56 6
95 58 5
95 59 22
95 60 40
95 63 11
95 64 20
95 65 30
95 66 33
95 68 39
95 70 0
95 76 2
95 77 36
95 79 4
95 80 26
95 82 32
95 84 17
95 85 32
95 86 39
95 87 15
95 88 3
95 89 21
95 90 3
95 92 15
95 94 33
96 2 17
96 3 4
96 4 2
96 5 38
96 8 7
96 11 28
96 13 42
96 15 14
96 17 1
96 18 38
96 19 18
96 21 14
96 23 15
96 24 37
96 25 35
96 27 9
96 28 34
96 31 17
96 34 4
96 36 30
96 37 41
96 38 35
96 39 23
96 40 27
96 44 9
96 45 27
96 46 13
96 47 10
96 49 10
96 50 27
96 51 6
96 52 13
96 54 22
96 55 14
96 56 31
96 59 9
96 60 7
96 63 25
96 66 9
96 67 28
96 68 18
96 72 15
96 73 40
96 76 10
96 78 2
96 79 8
96 80 0
96 86 13
96 87 20
96 90 9
96 92 32
96 94 37
97 1 38
97 5 9
97 6 18
97 7 12
97 8 20
97 9 1
97 10 4
97 11 35
97 13 5
97 17 11
97 20 5
97 22 3
97 24 33
97 25 18
97 26 20
97 28 41
97 30 0
97 32 8
97 34 30
97 35 24
97 40 9
97 42 40
97 43 28
97 49 27
97 50 15
97 51 32
97 54 1
97 58 28
97 61 38
97 62 17
97 63 39
97 64 20
97 65 27
97 66 19
97 67 34
97 69 3
97 70 37
97 73 4
97 74 37
97 75 42
97 77 4
97 80 26
97 81 29
97 84 20
97 85 12
97 90 7
97 91 16
97 92 31
97 94 39
97 95 17
97 97 19
98 0 34
98 2 26
98 4 33
98 5 4
98 6 36
98 8 33
98 11 34
98 12 23
98 13 8
98 15 34
98 17 28
98 19 7
98 24 38
98 26 11
98 27 14
98 28 32
98 29 36
98 34 34
98 36 1
98 37 32
98 38 27
98 40 23
98 42 3
98 45 6
98 47 19
98 48 10
98 49 37
98 50 32
98 52 20
98 53 40
98 55 4
98 60 16
98 61 38
98 62 17
98 64 11
98 66 40
98 67 19
98 73 6
98 74 27
98 75 29
98 76 32
98 78 13
98 79 40
98 81 3
98 84 37
98 87 23
98 88 33
98 89 16
98 90 4
98 91 5
98 94 10
98 95 5
99 1 25
99 5 39
99 6 15
99 7 8
99 12 19
99 13 24
99 14 22
99 16 31
99 18 9
99 21 13
99 23 18
99 27 21
99 32 31
99 33 10
99 35 17
99 36 9
99 38 7
99 39 31
99 40 25
99 43 18
99 47 1
99 48 15
99 50 19
99 53 21
99 55 25
99 57 27
99 59 2
99 60 34
99 64 12
99 65 24
99 66 1
99 67 37
99 68 17
99 69 6
99 72 20
99 73 0
99 76 31
99 77 38
99 78 13
99 81 13
99 82 10
99 88 7
99 89 17
99 90 20
99 91 20
99 93 3
99 95 22
99 97 41
99 98 41
99 99 36
