100 2525
1 1 0
2 2 31
3 0 11
3 1 0
3 2 38
3 3 32
4 0 16
4 1 42
4 2 15
4 3 7
4 4 31
5 2 32
5 3 34
5 4 1
6 0 24
7 1 29
8 5 20
9 0 0
9 2 41
9 3 39
9 4 13
9 7 4
10 2 8
10 4 5
10 5 28
10 8 41
10 10 33
11 1 35
11 4 39
11 5 2
11 6 18
11 7 11
11 8 28
11 9 34
11 10 18
12 1 24
12 2 16
12 3 16
12 8 11
12 11 19
13 0 5
13 2 11
13 3 27
13 4 6
13 5 30
13 6 29
13 8 23
13 10 4
13 11 24
13 13 20
14 1 7
14 3 35
14 5 7
14 6 26
14 13 30
15 0 17
15 2 29
15 4 31
15 5 5
15 8 27
15 11 11
16 2 41
16 3 8
16 6 1
16 8 30
16 14 22
16 15 4
17 2 41
17 5 26
17 6 16
17 7 42
17 10 31
17 11 16
17 12 21
17 13 37
17 14 4
17 15 13
18 0 5
18 1 40
18 2 28
18 4 29
18 5 17
18 6 31
18 8 25
18 11 4
18 12 27
18 13 29
18 14 9
18 15 17
18 16 20
19 1 0
19 4 6
19 5 26
19 8 12
19 11 13
19 12 28
19 13 17
19 16 36
19 17 27
19 18 37
19 19 33
20 0 26
20 1 41
20 2 28
20 6 23
20 8 37
20 10 13
20 14 2
20 16 4
20 17 40
20 19 27
20 20 35
21 3 12
21 6 10
21 7 8
21 8 9
21 10 30
21 13 35
21 15 31
21 16 42
21 17 23
21 18 19
22 4 16
22 5 14
22 7 11
22 8 7
22 9 20
22 10 1
22 11 34
22 13 4
22 14 14
22 16 10
22 19 37
22 21 6
23 1 21
23 3 15
23 7 18
23 8 24
23 10 13
23 12 42
23 16 12
23 17 3
23 18 18
23 19 30
23 20 38
24 3 29
24 4 29
24 9 30
24 10 9
24 11 29
24 13 26
24 16 7
24 17 21
24 21 10
24 22 41
25 0 42
25 1 42
25 2 10
25 6 34
25 12 41
25 13 23
25 17 34
25 19 16
25 20 28
25 22 9
26 6 4
26 7 23
26 9 7
26 11 39
26 13 13
26 14 1
26 16 17
26 17 25
26 18 32
26 19 37
26 22 22
26 23 0
27 1 41
27 2 8
27 3 34
27 7 29
27 8 20
27 9 18
27 11 16
27 13 33
27 14 30
27 15 22
27 18 35
27 19 8
27 20 5
27 24 9
27 26 4
27 27 35
28 0 39
28 4 30
28 8 0
28 9 13
28 13 14
28 14 34
28 16 13
28 19 34
28 20 33
28 27 42
29 5 3
29 7 12
29 10 6
29 11 24
29 13 38
29 14 10
29 16 23
29 19 27
29 21 18
29 27 12
29 28 36
30 1 26
30 2 7
30 5 1
30 7 34
30 8 35
30 9 42
30 10 31
30 11 17
30 15 32
30 16 29
30 18 14
30 20 2
30 22 42
30 23 0
30 24 40
30 25 2
30 28 40
30 29 5
31 0 21
31 5 3
31 8 33
31 10 30
31 12 24
31 13 31
31 14 40
31 15 35
31 16 41
31 18 1
31 19 3
31 20 25
31 21 12
31 22 9
31 23 39
31 26 8
31 27 35
31 29 10
31 30 37
32 1 34
32 2 14
32 3 3
32 4 41
32 7 37
32 8 40
32 11 13
32 12 0
32 13 28
32 14 28
32 20 38
32 21 7
32 23 0
32 29 22
32 31 27
33 0 32
33 1 12
33 3 42
33 4 0
33 6 7
33 9 34
33 12 9
33 13 18
33 16 20
33 17 42
33 19 31
33 21 9
33 22 36
33 23 29
33 24 25
33 27 13
33 32 42
34 1 29
34 2 36
34 5 25
34 9 5
34 12 15
34 13 8
34 25 39
34 26 32
34 28 42
34 31 1
35 3 42
35 4 21
35 5 30
35 6 35
35 7 30
35 9 20
35 13 2
35 16 27
35 18 34
35 21 27
35 22 23
35 23 13
35 24 34
35 25 28
35 27 33
35 32 13
35 34 31
35 35 20
36 1 9
36 5 29
36 6 10
36 8 0
36 9 12
36 12 5
36 13 15
36 15 41
36 16 7
36 18 8
36 19 40
36 20 6
36 21 34
36 27 1
36 29 7
36 31 33
36 33 20
36 34 32
36 35 27
37 5 13
37 11 8
37 12 27
37 14 1
37 16 28
37 18 40
37 19 37
37 20 27
37 22 34
37 23 39
37 24 18
37 25 29
37 26 37
37 27 30
37 28 9
37 29 19
37 30 28
37 31 8
37 32 10
37 35 8
37 36 13
37 37 36
38 0 8
38 2 40
38 3 23
38 13 40
38 14 18
38 15 31
38 17 41
38 19 32
38 21 13
38 23 22
38 25 3
38 27 39
38 31 2
38 33 31
38 35 21
38 36 37
38 37 33
39 1 30
39 2 14
39 4 0
39 6 13
39 9 34
39 11 22
39 12 35
39 14 15
39 15 20
39 16 35
39 18 22
39 20 29
39 21 2
39 22 21
39 23 19
39 26 40
39 27 29
39 28 17
39 29 9
39 30 6
39 31 8
39 33 5
39 38 21
40 0 18
40 2 7
40 3 35
40 5 8
40 6 29
40 7 7
40 8 26
40 9 34
40 14 14
40 18 19
40 19 0
40 22 5
40 26 38
40 27 13
40 29 33
40 30 36
40 31 28
40 32 6
40 34 39
40 38 23
40 40 18
41 0 41
41 4 1
41 5 15
41 8 16
41 11 36
41 12 6
41 13 27
41 14 20
41 19 19
41 20 5
41 21 19
41 22 23
41 23 3
41 27 31
41 28 31
41 29 2
41 31 3
41 36 17
41 39 41
41 40 42
41 41 29
42 0 21
42 1 41
42 4 21
42 6 38
42 7 35
42 13 36
42 15 33
42 17 13
42 18 10
42 20 38
42 21 17
42 24 2
42 26 26
42 28 9
42 29 13
42 33 10
42 34 15
42 37 22
42 39 33
42 41 10
42 42 33
43 0 39
43 2 12
43 5 26
43 7 35
43 9 38
43 10 39
43 11 37
43 12 40
43 13 4
43 16 16
43 17 30
43 20 42
43 22 31
43 23 12
43 25 32
43 27 1
43 28 4
43 29 2
43 32 29
43 36 17
43 37 40
43 38 1
43 39 7
43 41 11
44 1 16
44 3 13
44 7 5
44 8 23
44 9 5
44 11 10
44 12 22
44 15 16
44 16 28
44 18 27
44 19 6
44 20 14
44 21 37
44 22 10
44 24 22
44 27 18
44 30 14
44 33 35
44 34 8
44 35 40
44 37 16
44 40 6
44 41 21
44 42 14
44 43 25
45 1 2
45 2 11
45 4 41
45 5 31
45 6 14
45 7 24
45 8 30
45 9 25
45 10 17
45 14 4
45 15 16
45 16 13
45 19 30
45 21 18
45 22 11
45 30 4
45 31 9
45 33 27
45 37 20
45 38 18
45 39 14
45 41 27
45 45 0
46 0 35
46 4 21
46 8 18
46 9 22
46 14 7
46 15 30
46 17 6
46 18 30
46 20 17
46 22 26
46 27 42
46 29 29
46 30 28
46 32 27
46 33 8
46 35 28
46 36 31
46 39 36
46 41 33
47 0 22
47 3 26
47 4 26
47 5 5
47 8 13
47 10 11
47 11 9
47 12 19
47 13 28
47 14 31
47 15 37
47 17 42
47 18 35
47 20 25
47 22 30
47 24 33
47 30 1
47 32 15
47 33 23
47 37 36
47 41 2
47 44 27
47 45 10
48 2 17
48 3 8
48 5 5
48 7 6
48 8 38
48 9 33
48 11 26
48 12 24
48 16 26
48 18 26
48 20 19
48 22 4
48 23 12
48 24 0
48 28 8
48 37 25
48 38 26
48 40 18
48 42 22
48 44 18
48 45 11
48 47 36
49 1 37
49 3 9
49 7 22
49 10 38
49 13 4
49 15 10
49 16 33
49 17 21
49 18 40
49 19 24
49 23 36
49 24 23
49 25 3
49 29 8
49 31 30
49 37 2
49 38 31
49 40 10
49 41 0
49 42 7
49 45 6
49 47 37
50 4 18
50 5 25
50 7 32
50 8 27
50 9 29
50 10 10
50 11 36
50 13 18
50 15 32
50 17 5
50 19 15
50 20 23
50 21 13
50 24 16
50 32 24
50 33 10
50 34 7
50 36 10
50 38 19
50 39 17
50 40 42
50 42 33
50 45 32
50 46 12
50 49 34
50 50 17
51 1 34
51 5 32
51 6 26
51 7 6
51 10 24
51 11 31
51 12 40
51 19 21
51 20 27
51 21 26
51 24 13
51 25 6
51 26 6
51 29 37
51 34 39
51 36 4
51 40 37
51 43 40
51 44 29
51 48 13
51 50 20
52 0 13
52 3 32
52 5 36
52 8 39
52 10 19
52 13 29
52 14 36
52 16 19
52 18 23
52 19 20
52 20 15
52 21 4
52 22 7
52 26 25
52 31 18
52 32 3
52 33 15
52 34 28
52 35 40
52 37 18
52 38 23
52 39 22
52 40 4
52 42 11
52 43 31
52 45 32
52 46 8
52 48 8
52 51 12
53 0 20
53 2 25
53 4 18
53 5 21
53 6 32
53 7 8
53 8 13
53 10 38
53 11 12
53 14 3
53 16 25
53 22 15
53 23 39
53 24 8
53 26 1
53 33 32
53 34 4
53 36 40
53 37 40
53 39 1
53 40 2
53 41 21
53 43 36
53 45 5
53 46 14
53 48 23
53 49 4
53 50 6
53 51 25
53 52 6
54 1 17
54 2 25
54 3 12
54 4 6
54 5 24
54 7 31
54 9 6
54 15 4
54 16 9
54 20 8
54 21 18
54 22 10
54 24 13
54 26 39
54 27 27
54 29 40
54 31 2
54 35 41
54 40 36
54 41 33
54 43 18
54 44 35
54 45 36
54 46 18
54 47 18
54 50 36
54 53 3
55 0 42
55 3 32
55 5 38
55 6 10
55 7 25
55 8 31
55 9 36
55 10 6
55 11 6
55 15 36
55 16 19
55 17 33
55 18 20
55 24 0
55 25 9
55 27 23
55 28 3
55 31 4
55 32 24
55 36 39
55 38 39
55 39 18
55 41 25
55 42 32
55 47 22
55 48 12
55 50 17
56 0 17
56 4 36
56 5 18
56 6 29
56 8 10
56 15 36
56 17 26
56 18 17
56 19 1
56 20 30
56 21 2
56 23 30
56 24 18
56 25 11
56 26 22
56 29 35
56 33 10
56 34 19
56 35 40
56 36 38
56 37 31
56 39 30
56 44 0
56 45 17
56 46 12
56 48 1
56 52 41
56 53 12
56 54 35
56 56 7
57 2 38
57 4 31
57 5 36
57 6 38
57 8 32
57 13 7
57 14 24
57 16 38
57 23 23
57 25 16
57 26 10
57 27 10
57 28 20
57 29 27
57 30 2
57 35 23
57 37 4
57 38 15
57 40 13
57 41 9
57 42 32
57 46 6
57 47 14
57 49 33
57 52 14
57 55 36
58 1 12
58 6 4
58 7 40
58 10 37
58 17 28
58 19 27
58 22 4
58 23 16
58 26 15
58 28 9
58 29 35
58 30 6
58 32 5
58 33 23
58 34 25
58 36 5
58 37 9
58 38 31
58 41 18
58 43 9
58 44 20
58 47 23
58 49 31
58 50 30
58 55 13
58 57 8
58 58 10
59 4 1
59 7 30
59 8 33
59 9 37
59 10 31
59 11 21
59 17 29
59 19 9
59 22 38
59 24 34
59 25 1
59 26 15
59 27 22
59 28 42
59 29 5
59 33 33
59 38 41
59 40 9
59 49 5
59 50 9
59 52 32
59 53 15
59 54 8
59 55 30
59 56 31
60 1 3
60 6 22
60 8 18
60 9 27
60 10 42
60 11 16
60 12 29
60 17 27
60 19 31
60 21 26
60 25 23
60 26 41
60 27 29
60 29 1
60 32 18
60 33 7
60 35 2
60 37 33
60 47 19
60 48 40
60 49 36
60 51 36
60 52 15
60 53 30
60 55 32
60 56 6
60 58 5
60 59 32
61 0 13
61 1 37
61 2 29
61 3 1
61 9 29
61 11 3
61 12 24
61 13 18
61 14 8
61 15 22
61 16 5
61 17 36
61 19 35
61 20 14
61 21 40
61 22 32
61 24 42
61 25 2
61 27 32
61 28 36
61 30 0
61 31 4
61 32 20
61 35 29
61 36 17
61 37 12
61 39 19
61 40 34
61 41 29
61 43 41
61 48 26
61 50 19
61 51 25
61 52 15
61 53 26
61 54 20
61 55 0
61 56 9
61 60 25
62 0 9
62 4 27
62 6 5
62 7 15
62 8 3
62 10 41
62 14 28
62 16 35
62 18 27
62 19 10
62 20 20
62 21 6
62 22 6
62 26 7
62 29 39
62 30 32
62 31 36
62 37 10
62 38 27
62 41 1
62 42 15
62 43 33
62 46 26
62 47 21
62 49 29
62 51 11
62 52 35
62 55 5
62 56 16
62 57 37
62 58 11
62 60 33
62 62 39
63 4 11
63 6 27
63 7 25
63 8 0
63 9 19
63 10 3
63 11 26
63 12 22
63 13 35
63 14 33
63 15 6
63 16 22
63 18 37
63 21 5
63 22 39
63 24 27
63 29 21
63 31 32
63 33 1
63 35 0
63 37 6
63 39 29
63 43 26
63 44 1
63 45 20
63 52 30
63 57 14
63 59 22
63 62 6
64 1 17
64 2 1
64 3 16
64 5 17
64 9 39
64 11 8
64 12 42
64 14 2
64 15 32
64 16 13
64 19 26
64 21 10
64 22 36
64 23 33
64 24 21
64 26 15
64 28 40
64 29 8
64 30 26
64 31 29
64 35 26
64 38 18
64 39 30
64 40 4
64 42 34
64 43 12
64 45 11
64 47 35
64 48 21
64 50 6
64 52 7
64 54 18
64 62 26
64 63 29
65 1 25
65 2 14
65 6 30
65 11 10
65 13 40
65 14 3
65 15 9
65 16 27
65 17 32
65 18 42
65 19 5
65 22 41
65 25 5
65 27 31
65 29 8
65 32 41
65 33 7
65 34 13
65 35 19
65 40 21
65 41 2
65 42 17
65 43 6
65 45 3
65 47 33
65 48 17
65 50 27
65 51 6
65 57 26
65 58 32
65 59 11
65 60 30
65 63 28
66 0 18
66 1 28
66 3 25
66 4 24
66 5 31
66 6 23
66 7 42
66 11 17
66 14 36
66 16 39
66 19 31
66 21 23
66 26 38
66 28 11
66 29 33
66 33 18
66 35 15
66 37 19
66 39 40
66 40 1
66 42 33
66 44 37
66 48 4
66 49 41
66 50 9
66 51 5
66 54 1
66 55 40
66 57 7
66 59 37
66 60 35
66 61 11
66 63 39
67 0 16
67 4 13
67 5 1
67 6 27
67 9 4
67 10 31
67 13 37
67 14 26
67 15 16
67 16 26
67 21 28
67 23 39
67 25 18
67 27 0
67 31 11
67 33 7
67 34 12
67 35 10
67 41 14
67 45 1
67 47 9
67 48 40
67 49 5
67 52 23
67 54 38
67 56 10
67 59 7
67 64 5
67 66 25
67 67 36
68 0 5
68 3 34
68 5 3
68 6 13
68 7 18
68 8 38
68 9 38
68 11 37
68 12 32
68 15 4
68 18 5
68 22 24
68 24 37
68 27 19
68 28 4
68 30 25
68 34 19
68 39 33
68 40 17
68 41 8
68 42 1
68 43 4
68 44 19
68 46 28
68 47 9
68 50 41
68 51 14
68 53 37
68 55 30
68 57 2
68 59 0
68 62 1
68 64 27
68 65 29
69 0 24
69 1 13
69 3 15
69 4 42
69 6 42
69 7 14
69 12 34
69 13 27
69 14 0
69 15 40
69 16 39
69 17 11
69 22 5
69 24 10
69 25 39
69 27 38
69 29 5
69 30 3
69 32 20
69 33 17
69 35 20
69 36 7
69 42 7
69 46 41
69 49 25
69 51 30
69 52 0
69 53 35
69 55 19
69 57 22
69 58 22
69 59 5
69 61 1
69 63 2
69 65 10
69 66 40
69 69 4
70 1 37
70 2 36
70 3 18
70 7 24
70 8 26
70 11 36
70 13 11
70 15 7
70 16 37
70 17 24
70 20 11
70 22 38
70 23 38
70 24 32
70 25 40
70 26 9
70 27 29
70 29 28
70 35 38
70 37 0
70 40 41
70 42 22
70 45 35
70 48 9
70 49 24
70 50 40
70 52 33
70 55 35
70 59 23
70 61 20
70 63 2
70 64 13
70 65 30
71 0 39
71 4 22
71 9 10
71 12 23
71 13 7
71 19 31
71 21 32
71 22 28
71 23 31
71 26 31
71 27 32
71 29 10
71 30 40
71 31 18
71 37 17
71 39 28
71 41 27
71 42 42
71 45 3
71 48 30
71 49 23
71 51 30
71 55 29
71 56 36
71 57 4
71 64 41
71 66 41
71 67 15
71 69 4
71 70 12
71 71 13
72 1 30
72 5 12
72 7 30
72 9 32
72 10 0
72 12 27
72 14 24
72 17 28
72 19 11
72 21 42
72 22 19
72 24 1
72 25 20
72 27 11
72 28 0
72 30 27
72 31 10
72 32 20
72 33 4
72 34 18
72 35 21
72 38 40
72 41 41
72 44 1
72 50 25
72 52 37
72 53 0
72 55 23
72 57 15
72 58 1
72 62 18
72 63 19
72 64 4
72 65 3
72 68 31
72 69 42
72 70 5
72 71 19
73 0 38
73 1 34
73 6 32
73 10 39
73 13 39
73 17 9
73 18 17
73 23 22
73 25 14
73 26 38
73 28 27
73 29 20
73 31 20
73 34 29
73 35 21
73 37 6
73 38 28
73 40 5
73 41 25
73 43 16
73 44 41
73 45 9
73 47 3
73 48 15
73 52 6
73 55 41
73 59 19
73 62 39
73 63 23
73 64 17
73 67 41
73 70 15
73 71 0
73 73 13
74 2 22
74 3 11
74 5 41
74 6 16
74 7 25
74 15 40
74 17 26
74 18 17
74 20 31
74 21 1
74 23 25
74 25 19
74 27 32
74 31 8
74 32 12
74 33 2
74 34 34
74 37 19
74 38 42
74 41 18
74 45 27
74 47 19
74 48 30
74 49 15
74 50 36
74 54 0
74 55 40
74 59 4
74 60 19
74 61 2
74 62 23
74 63 35
74 64 32
74 65 12
74 66 27
74 67 25
75 1 28
75 3 32
75 4 25
75 5 17
75 11 12
75 12 16
75 16 17
75 18 4
75 19 4
75 20 8
75 21 36
75 22 12
75 23 9
75 24 7
75 27 1
75 32 2
75 35 7
75 36 5
75 37 9
75 43 5
75 44 35
75 45 1
75 50 6
75 51 8
75 52 6
75 54 8
75 56 11
75 57 38
75 61 2
75 62 27
75 63 1
75 71 28
75 73 0
75 74 28
76 0 6
76 1 19
76 2 7
76 4 5
76 10 27
76 13 34
76 14 15
76 15 39
76 16 25
76 19 8
76 26 22
76 27 34
76 33 39
76 35 42
76 37 15
76 39 27
76 42 30
76 43 23
76 44 19
76 45 41
76 51 0
76 52 32
76 53 15
76 54 31
76 56 16
76 57 10
76 59 0
76 61 19
76 63 30
76 64 35
76 65 14
76 68 41
76 69 29
76 72 10
76 75 30
76 76 25
77 1 40
77 4 21
77 5 2
77 8 15
77 10 30
77 11 31
77 13 31
77 14 41
77 15 28
77 17 26
77 19 31
77 20 41
77 21 36
77 22 32
77 23 37
77 24 26
77 25 30
77 26 1
77 27 22
77 29 11
77 30 20
77 32 31
77 33 23
77 34 3
77 35 26
77 38 25
77 42 23
77 44 13
77 45 4
77 46 15
77 48 15
77 49 2
77 50 21
77 51 19
77 52 32
77 53 23
77 59 5
77 65 41
77 66 1
77 70 24
77 71 12
77 72 16
77 76 36
78 0 13
78 1 3
78 2 30
78 5 37
78 7 16
78 8 25
78 10 18
78 12 24
78 15 3
78 19 10
78 20 2
78 21 19
78 24 8
78 25 23
78 26 17
78 27 18
78 28 3
78 29 6
78 31 18
78 32 2
78 33 14
78 34 21
78 35 18
78 36 5
78 37 4
78 39 25
78 40 41
78 41 16
78 42 6
78 43 34
78 45 32
78 46 20
78 48 41
78 50 22
78 52 20
78 57 6
78 60 7
78 61 38
78 62 41
78 64 3
78 66 4
78 67 17
78 68 24
78 70 6
78 71 2
78 73 36
78 74 23
78 75 2
78 76 38
78 77 17
79 1 23
79 2 12
79 4 12
79 8 13
79 9 31
79 11 42
79 13 25
79 18 13
79 20 8
79 23 16
79 24 0
79 25 26
79 27 21
79 30 40
79 32 20
79 34 3
79 35 6
79 37 29
79 39 35
79 42 34
79 43 16
79 44 15
79 51 23
79 52 26
79 53 7
79 54 9
79 58 38
79 59 41
79 64 7
79 65 16
79 66 26
79 68 2
79 72 0
79 74 15
79 75 18
80 0 16
80 2 8
80 6 28
80 8 32
80 11 13
80 12 7
80 13 24
80 17 10
80 18 10
80 19 17
80 20 3
80 21 20
80 23 17
80 24 20
80 25 2
80 27 36
80 28 38
80 31 41
80 32 10
80 33 28
80 34 12
80 36 39
80 38 42
80 40 5
80 42 40
80 46 2
80 47 39
80 48 21
80 56 39
80 59 33
80 60 34
80 62 22
80 63 28
80 64 35
80 68 1
80 69 10
80 70 27
80 74 39
80 75 17
80 76 8
80 77 36
80 78 14
80 79 28
81 2 29
81 3 33
81 4 41
81 5 9
81 7 3
81 8 42
81 9 24
81 10 35
81 11 7
81 13 7
81 14 4
81 15 2
81 17 28
81 20 12
81 21 19
81 23 27
81 26 14
81 28 13
81 31 32
81 34 27
81 36 12
81 39 12
81 40 2
81 42 35
81 43 41
81 44 3
81 45 39
81 47 2
81 49 33
81 50 23
81 51 32
81 52 11
81 57 4
81 61 30
81 62 28
81 64 37
81 66 12
81 67 13
81 68 9
81 69 1
81 70 8
81 73 10
81 76 37
81 78 12
81 79 33
81 80 16
81 81 2
82 1 20
82 2 21
82 3 34
82 4 14
82 5 2
82 6 31
82 8 18
82 9 32
82 17 31
82 18 23
82 19 38
82 23 31
82 24 26
82 26 24
82 27 31
82 30 14
82 32 23
82 34 21
82 36 37
82 38 38
82 39 41
82 44 22
82 47 2
82 49 33
82 50 24
82 55 36
82 57 12
82 60 13
82 63 34
82 64 24
82 65 28
82 67 23
82 71 36
83 0 25
83 2 27
83 3 19
83 5 18
83 6 35
83 7 35
83 8 12
83 10 15
83 14 27
83 16 14
83 18 8
83 19 8
83 22 15
83 24 24
83 25 30
83 26 9
83 27 9
83 28 7
83 30 21
83 31 37
83 35 6
83 36 9
83 37 28
83 43 23
83 44 11
83 45 13
83 46 24
83 48 17
83 54 2
83 57 34
83 58 15
83 60 26
83 62 5
83 63 0
83 64 39
83 65 14
83 67 31
83 68 8
83 69 36
83 70 12
83 71 24
83 75 40
83 76 39
83 77 16
83 78 10
83 79 24
83 80 27
83 81 32
83 82 1
83 83 19
84 0 15
84 1 42
84 5 1
84 6 4
84 7 18
84 9 42
84 11 10
84 12 13
84 13 25
84 16 30
84 18 33
84 20 30
84 21 16
84 23 4
84 27 17
84 28 13
84 29 28
84 31 17
84 32 36
84 33 11
84 34 13
84 35 12
84 37 16
84 38 32
84 39 6
84 40 11
84 44 17
84 45 38
84 46 23
84 51 1
84 52 40
84 53 38
84 56 40
84 59 9
84 61 7
84 64 18
84 69 34
84 73 15
84 75 37
84 76 22
84 77 8
84 80 42
85 0 16
85 1 6
85 2 9
85 6 14
85 11 2
85 12 5
85 15 11
85 17 33
85 20 35
85 24 30
85 27 1
85 29 34
85 30 39
85 32 10
85 33 31
85 35 40
85 36 5
85 38 22
85 40 18
85 41 29
85 42 8
85 45 10
85 52 33
85 55 7
85 56 12
85 59 40
85 60 7
85 63 13
85 64 3
85 65 10
85 66 10
85 67 37
85 68 10
85 70 42
85 71 33
85 76 14
85 77 29
85 78 8
85 80 28
85 83 1
86 1 42
86 2 23
86 5 34
86 8 30
86 9 5
86 12 1
86 13 13
86 15 38
86 17 8
86 18 13
86 21 28
86 22 33
86 27 5
86 29 42
86 31 36
86 32 9
86 34 12
86 35 29
86 36 4
86 37 12
86 38 33
86 39 24
86 40 26
86 42 22
86 43 15
86 46 9
86 47 39
86 50 7
86 51 24
86 57 30
86 59 1
86 61 9
86 63 2
86 66 6
86 67 7
86 70 0
86 72 20
86 73 12
86 74 13
86 76 28
86 78 2
86 79 24
86 80 42
86 82 37
86 83 30
87 0 31
87 1 30
87 2 8
87 3 11
87 5 19
87 6 4
87 8 8
87 10 27
87 13 41
87 14 25
87 15 25
87 16 24
87 19 23
87 23 25
87 24 6
87 26 38
87 27 19
87 29 22
87 31 24
87 38 15
87 39 33
87 43 9
87 44 6
87 46 13
87 47 40
87 50 35
87 51 34
87 52 19
87 55 3
87 57 19
87 59 1
87 62 17
87 63 25
87 64 20
87 66 23
87 68 24
87 72 2
87 74 34
87 75 6
87 76 42
87 77 12
87 81 40
87 83 23
88 1 13
88 2 26
88 3 17
88 5 12
88 9 0
88 10 16
88 11 19
88 13 12
88 14 13
88 15 21
88 16 13
88 20 41
88 21 22
88 23 29
88 24 14
88 26 41
88 27 17
88 28 26
88 30 17
88 31 26
88 32 7
88 33 28
88 35 11
88 39 14
88 40 8
88 41 30
88 43 31
88 45 30
88 46 26
88 47 31
88 48 25
88 49 19
88 51 28
88 54 6
88 55 25
88 57 32
88 58 32
88 59 40
88 61 20
88 64 2
88 65 10
88 67 11
88 70 36
88 71 40
88 73 5
88 75 6
88 76 27
88 77 34
88 83 32
88 85 12
89 2 33
89 3 11
89 4 39
89 5 15
89 7 6
89 8 30
89 9 14
89 10 26
89 13 27
89 19 22
89 26 9
89 30 0
89 33 26
89 37 12
89 39 25
89 40 34
89 43 30
89 45 19
89 48 13
89 51 10
89 52 19
89 54 32
89 55 34
89 57 0
89 58 38
89 59 0
89 60 2
89 62 16
89 64 12
89 69 35
89 70 34
89 71 4
89 73 33
89 74 13
89 77 10
89 78 17
89 79 32
89 82 0
89 83 36
89 84 13
89 86 35
89 89 36
90 1 15
90 2 36
90 4 35
90 5 15
90 6 0
90 8 40
90 9 8
90 11 1
90 12 7
90 13 34
90 14 42
90 16 37
90 17 35
90 18 40
90 20 41
90 23 25
90 31 29
90 32 41
90 33 29
90 36 42
90 37 6
90 41 29
90 42 8
90 44 10
90 46 42
90 48 37
90 50 0
90 51 0
90 52 8
90 54 15
90 57 35
90 58 33
90 59 33
90 60 26
90 61 7
90 63 13
90 64 1
90 65 30
90 69 40
90 70 18
90 72 41
90 73 41
90 74 30
90 77 1
90 81 19
90 82 16
90 83 40
90 84 30
90 85 1
90 86 5
90 87 33
90 88 11
91 1 31
91 2 39
91 3 24
91 6 28
91 8 37
91 10 15
91 11 17
91 12 27
91 13 38
91 17 23
91 19 38
91 20 1
91 22 32
91 23 2
91 25 8
91 26 33
91 27 28
91 28 25
91 29 30
91 30 0
91 34 5
91 36 3
91 37 10
91 38 7
91 39 21
91 40 7
91 42 6
91 44 36
91 46 1
91 47 41
91 49 23
91 55 21
91 56 15
91 57 18
91 58 38
91 61 33
91 62 28
91 63 30
91 66 31
91 70 33
91 71 42
91 73 24
91 75 35
91 76 28
91 77 3
91 78 29
91 81 2
91 82 35
91 83 2
91 85 36
91 87 3
91 89 39
92 1 38
92 2 10
92 3 16
92 4 16
92 6 42
92 9 40
92 10 12
92 11 8
92 13 21
92 15 18
92 20 7
92 24 13
92 27 20
92 29 9
92 30 21
92 32 14
92 34 11
92 35 36
92 36 13
92 39 21
92 44 2
92 45 42
92 48 25
92 58 22
92 59 11
92 60 34
92 62 3
92 63 4
92 64 13
92 67 5
92 68 37
92 72 27
92 73 7
92 75 17
92 77 34
92 78 27
92 79 14
92 81 33
92 83 18
92 84 15
92 86 25
93 3 23
93 4 2
93 5 12
93 7 9
93 8 0
93 10 30
93 11 7
93 14 38
93 15 26
93 16 42
93 18 31
93 19 35
93 22 29
93 23 13
93 25 35
93 26 35
93 27 2
93 28 2
93 29 6
93 30 22
93 31 9
93 33 35
93 34 30
93 35 0
93 36 26
93 37 21
93 38 5
93 39 33
93 45 42
93 48 22
93 49 8
93 50 9
93 52 26
93 53 10
93 54 36
93 55 23
93 56 20
93 57 27
93 58 28
93 59 4
93 63 31
93 64 12
93 66 21
93 68 0
93 69 14
93 73 40
93 75 9
93 76 11
93 77 0
93 78 0
93 80 39
93 81 8
93 82 12
93 83 24
93 86 40
93 87 28
93 88 10
93 89 38
93 90 10
93 92 0
94 2 29
94 4 21
94 6 25
94 7 42
94 8 37
94 10 23
94 11 5
94 12 40
94 15 8
94 18 0
94 19 13
94 20 29
94 21 7
94 22 11
94 24 1
94 25 4
94 26 35
94 28 0
94 29 39
94 31 31
94 32 14
94 33 42
94 35 17
94 39 30
94 44 23
94 47 14
94 48 16
94 49 18
94 50 3
94 51 1
94 52 27
94 53 37
94 55 35
94 57 16
94 61 28
94 62 25
94 63 0
94 67 30
94 68 22
94 71 11
94 72 32
94 73 10
94 74 17
94 75 36
94 76 5
94 77 5
94 79 11
94 80 18
94 81 14
94 83 42
94 87 32
94 92 15
94 93 14
95 1 37
95 2 25
95 6 39
95 7 30
95 8 8
95 9 15
95 11 38
95 15 11
95 17 14
95 18 35
95 20 0
95 23 26
95 24 5
95 26 22
95 27 18
95 28 21
95 29 40
95 31 8
95 33 26
95 34 29
95 35 10
95 36 23
95 40 30
95 43 16
95 45 41
95 46 12
95 47 30
95 52 39
95 53 8
95 55 25
95 56 7
95 58 39
95 59 9
95 62 6
95 65 0
95 66 31
95 67 5
95 68 18
95 69 27
95 73 40
95 76 8
95 79 17
95 82 19
95 85 6
95 88 12
95 89 14
95 93 12
95 94 20
95 95 14
96 2 17
96 3 2
96 9 26
96 10 41
96 11 8
96 13 18
96 14 13
96 15 32
96 17 7
96 18 9
96 20 30
96 21 32
96 24 30
96 25 39
96 26 0
96 28 2
96 30 4
96 33 31
96 34 25
96 35 33
96 36 7
96 39 35
96 40 12
96 41 7
96 42 39
96 46 9
96 47 21
96 48 23
96 54 3
96 55 22
96 56 39
96 58 32
96 59 23
96 60 6
96 61 1
96 63 26
96 65 15
96 69 15
96 70 16
96 71 13
96 72 7
96 73 2
96 76 8
96 77 7
96 79 21
96 80 23
96 82 32
96 83 12
96 85 35
96 86 6
96 90 13
96 91 13
96 92 17
97 0 29
97 1 35
97 4 5
97 6 0
97 10 12
97 13 5
97 14 30
97 15 41
97 18 10
97 24 19
97 25 25
97 26 8
97 29 0
97 32 30
97 37 27
97 40 34
97 43 1
97 45 38
97 48 37
97 50 15
97 52 5
97 53 1
97 55 4
97 56 0
97 57 16
97 58 1
97 59 16
97 60 32
97 61 30
97 62 20
97 65 10
97 66 26
97 68 31
97 72 1
97 74 15
97 76 24
97 79 35
97 81 26
97 83 4
97 84 22
97 85 13
97 88 27
97 89 28
97 92 20
97 94 8
97 95 3
97 96 15
98 0 14
98 1 6
98 2 23
98 3 25
98 6 2
98 8 18
98 9 29
98 11 7
98 15 9
98 16 5
98 18 19
98 19 35
98 26 5
98 31 8
98 32 0
98 34 6
98 36 15
98 37 6
98 40 6
98 41 32
98 43 17
98 45 8
98 47 1
98 48 40
98 52 28
98 53 9
98 55 38
98 62 30
98 63 7
98 65 31
98 71 3
98 72 21
98 73 23
98 74 24
98 76 17
98 78 11
98 79 29
98 80 16
98 83 38
98 85 12
98 87 13
98 88 39
98 89 14
98 90 40
98 91 10
98 92 40
99 1 5
99 3 31
99 4 39
99 5 25
99 10 19
99 13 19
99 16 6
99 17 33
99 18 39
99 19 22
99 22 19
99 23 31
99 24 34
99 27 10
99 28 17
99 32 32
99 33 28
99 34 22
99 35 22
99 39 28
99 41 12
99 42 34
99 45 6
99 46 38
99 47 2
99 48 5
99 49 12
99 57 4
99 58 3
99 60 34
99 61 32
99 63 11
99 64 39
99 65 35
99 66 1
99 67 5
99 69 5
99 70 1
99 72 34
99 73 8
99 74 31
99 76 33
99 77 35
99 78 37
99 81 6
99 82 17
99 83 12
99 84 0
99 85 25
99 86 8
99 88 36
99 91 38
99 92 14
99 93 17
99 95 7
99 98 13
