100 505
7 0 15
8 4 16
11 1 21
13 0 0
13 4 12
13 6 38
13 10 18
14 4 11
14 9 29
16 5 16
16 8 37
17 8 29
17 10 0
17 12 10
18 0 22
18 2 37
18 5 33
18 14 10
19 5 3
19 7 16
19 9 6
20 1 13
21 11 19
21 12 5
21 13 33
22 0 1
22 2 27
22 6 39
23 7 18
23 9 10
23 16 28
24 11 2
25 0 9
25 2 34
25 8 7
25 18 34
26 12 8
27 1 33
27 3 23
28 17 13
28 28 42
29 2 3
29 9 35
29 13 11
29 18 12
30 25 34
31 0 9
31 10 15
31 22 19
32 15 23
32 23 27
32 25 37
32 30 13
33 23 0
33 25 19
34 2 30
34 6 17
34 10 37
34 14 22
34 19 42
35 0 34
35 4 23
35 6 15
35 17 42
35 27 1
36 9 40
36 26 27
36 29 20
36 30 34
37 1 1
37 12 12
37 14 14
37 15 4
38 11 15
38 21 21
38 25 4
39 8 32
39 14 17
39 38 8
40 31 9
41 6 4
41 33 30
42 6 40
42 21 13
42 26 20
42 42 35
43 35 30
43 36 3
43 40 26
44 34 21
45 5 7
45 11 8
45 12 4
45 14 35
45 23 1
45 27 34
45 40 34
46 1 17
46 25 22
46 37 23
47 29 30
47 32 23
47 36 39
47 37 21
48 4 4
48 28 13
48 35 0
48 39 42
48 43 34
49 18 10
49 21 34
49 33 11
50 9 7
50 44 37
51 3 23
51 5 8
51 9 23
51 10 17
51 15 6
51 18 29
51 20 28
51 23 1
51 27 1
51 29 18
51 33 26
51 46 4
52 1 36
52 15 33
52 23 38
52 36 2
52 40 20
52 42 38
52 47 26
52 48 1
53 6 12
53 7 20
54 0 18
54 6 31
54 11 34
54 17 27
54 33 1
54 42 24
54 49 31
55 11 15
55 13 15
55 14 18
55 20 22
55 26 1
55 43 30
55 47 27
55 53 37
56 22 4
56 29 36
56 42 37
56 46 28
57 11 39
57 15 14
57 20 11
57 26 23
57 34 23
57 54 31
58 4 41
58 19 41
58 44 40
58 57 11
59 3 26
59 41 27
59 51 39
60 2 31
60 5 0
60 8 40
60 21 30
60 22 0
60 47 29
60 48 40
60 50 24
60 51 35
60 53 22
61 7 30
61 18 40
61 23 41
61 32 27
61 36 31
61 41 13
62 5 24
62 14 26
62 39 5
62 45 13
62 48 21
63 13 41
63 14 20
63 15 5
63 19 40
63 22 1
63 27 19
63 31 32
63 50 40
63 52 23
63 61 29
63 63 4
64 0 6
64 2 38
64 12 19
64 14 28
64 39 38
64 41 22
64 56 20
65 4 35
65 9 5
65 19 37
65 26 35
65 29 41
65 38 28
65 45 35
66 36 37
66 44 34
66 52 9
66 54 30
66 57 8
66 62 25
66 63 20
67 16 41
67 17 36
67 31 19
67 62 41
67 64 39
68 23 35
68 26 13
68 31 41
68 59 31
69 6 9
69 23 25
69 31 0
69 67 27
70 17 21
70 20 34
70 30 1
70 32 0
70 33 23
70 51 19
70 53 29
70 54 41
70 62 20
70 63 21
71 16 17
71 18 16
71 61 33
71 68 25
72 8 40
72 11 10
72 16 14
72 21 8
72 23 14
72 52 19
72 68 19
73 9 9
73 20 32
73 21 30
73 24 27
73 25 27
73 30 14
73 35 28
73 37 24
73 43 0
73 56 30
73 64 1
73 69 8
73 71 31
74 12 23
74 22 12
74 32 10
74 35 42
74 61 9
74 70 12
75 0 33
75 1 6
75 3 23
75 19 15
75 27 37
75 33 17
75 52 17
75 74 33
76 18 5
76 20 27
76 46 13
77 3 4
77 4 9
77 16 20
77 20 40
77 41 26
77 47 40
77 52 1
77 55 19
77 59 38
77 61 28
77 66 36
78 5 34
78 17 35
78 40 40
78 43 11
78 48 12
78 66 0
78 78 41
79 1 6
79 3 23
79 5 6
79 8 25
79 9 17
79 19 38
79 24 35
79 50 30
79 69 3
80 18 7
80 22 42
80 25 10
80 28 39
80 29 35
80 32 12
80 40 11
80 46 22
80 48 42
80 51 11
80 54 40
80 58 24
80 61 32
80 64 24
80 68 29
80 69 13
80 76 34
81 14 1
81 35 19
81 52 15
81 55 33
81 72 8
82 10 19
82 31 7
82 33 3
82 34 3
82 44 23
82 50 10
82 53 2
82 65 19
82 73 28
83 3 8
83 10 14
83 17 26
83 39 8
83 42 33
83 45 0
83 50 0
83 68 15
84 2 32
84 9 11
84 17 30
84 58 40
84 63 14
84 65 39
84 67 5
84 72 15
84 76 1
85 6 2
85 14 36
85 23 37
85 31 5
85 37 31
85 45 1
85 46 35
85 47 35
85 67 21
85 71 10
86 20 14
86 40 30
86 42 32
86 43 38
86 44 15
86 48 38
86 53 30
86 74 30
86 85 33
87 9 32
87 14 4
87 15 13
87 16 39
87 23 25
87 43 1
87 52 16
87 66 11
87 81 7
88 10 14
88 20 10
88 62 36
88 74 41
88 78 42
89 6 39
89 18 8
89 54 42
89 67 9
89 72 23
89 76 15
89 87 18
90 25 10
90 32 7
90 34 9
90 39 14
90 51 35
90 67 15
90 69 22
90 79 28
90 89 1
91 8 26
91 19 18
91 23 28
91 56 6
91 66 14
91 69 17
91 75 27
92 6 21
92 35 34
92 43 18
92 63 4
92 67 29
92 89 40
92 91 36
93 10 4
93 21 35
93 22 40
93 29 41
93 30 14
93 44 2
93 56 17
93 59 25
93 75 5
93 77 25
93 87 12
94 8 12
94 13 32
94 23 22
94 25 0
94 34 2
94 36 29
94 46 35
94 68 10
94 74 20
94 88 41
95 19 42
95 35 31
95 36 3
95 38 1
95 40 16
95 46 11
95 49 39
95 55 26
95 57 6
95 67 12
95 70 34
95 81 14
95 82 21
95 88 35
95 92 41
96 13 13
96 14 42
96 24 2
96 38 8
96 41 16
96 45 4
96 51 29
96 64 38
96 70 2
96 73 12
97 4 37
97 5 7
97 25 33
97 29 7
97 31 21
97 33 11
97 36 2
97 59 7
97 70 15
97 86 30
98 16 7
98 17 1
98 27 31
98 28 7
98 33 0
98 42 34
98 59 39
98 66 27
98 75 29
98 79 0
98 88 37
98 90 36
99 3 10
99 4 6
99 13 5
99 27 15
99 28 36
99 31 0
99 33 14
99 41 6
99 46 26
99 52 26
99 54 40
99 58 37
99 71 33
99 84 22
