100 505
0 0 32
3 0 0
8 3 4
9 1 36
10 1 6
11 1 14
12 2 15
13 3 20
13 8 7
14 11 29
15 13 38
16 5 31
16 9 31
17 4 4
17 6 1
17 8 40
17 10 18
17 11 5
18 0 42
18 8 36
18 12 9
19 12 5
19 15 41
20 0 17
21 3 15
21 6 0
21 16 33
22 14 6
23 20 13
24 6 3
25 20 32
26 6 8
26 24 28
26 26 39
27 18 23
28 5 15
28 9 18
28 10 17
29 22 26
29 24 3
30 9 26
30 16 21
30 20 35
31 7 20
31 8 9
31 11 34
31 14 25
31 16 14
31 24 28
31 28 34
32 2 37
32 3 10
32 26 7
32 30 34
33 4 2
33 11 14
33 14 39
33 23 26
33 25 30
34 0 23
34 12 14
34 15 21
35 6 16
35 9 12
35 10 12
35 16 30
35 17 1
35 29 26
35 32 21
36 0 0
36 1 36
36 16 19
36 17 30
37 12 26
37 25 24
38 4 12
38 20 40
38 25 0
38 26 14
39 2 8
39 16 41
39 20 41
39 21 42
39 35 5
40 2 21
40 12 12
40 14 12
40 19 17
41 1 4
41 7 26
41 11 11
41 12 36
41 15 35
41 21 7
41 24 27
41 25 23
41 33 3
41 36 9
41 38 5
41 41 42
42 2 24
42 12 2
42 32 19
42 39 32
43 19 0
43 38 41
44 4 32
44 7 5
44 17 25
44 30 11
44 39 13
45 14 36
45 16 25
45 19 41
45 26 36
46 0 25
46 3 37
46 16 18
46 26 0
46 36 4
47 6 20
47 20 34
47 26 10
47 28 14
47 38 2
47 39 4
48 1 5
48 12 8
48 37 4
48 40 39
49 35 32
49 38 11
49 41 36
49 43 14
49 49 12
50 30 2
51 30 8
51 44 17
51 48 26
51 49 10
51 50 17
52 11 31
52 22 9
52 23 15
52 28 7
52 39 21
52 51 23
53 17 21
53 37 25
53 51 15
54 1 31
54 11 39
54 31 2
54 41 4
54 46 37
54 54 1
55 3 39
55 20 7
55 35 27
56 13 4
56 21 11
56 24 10
56 38 38
56 41 6
57 0 0
57 2 27
57 12 9
57 13 6
57 14 9
57 35 39
57 44 19
58 8 41
58 37 20
58 46 8
59 0 25
59 1 32
59 4 14
59 16 24
59 23 41
59 28 0
59 42 29
59 59 22
60 22 16
60 26 42
60 36 0
60 48 39
60 54 18
60 56 17
61 4 36
61 5 40
61 12 42
61 23 21
61 26 36
62 4 36
62 7 20
62 8 41
62 31 28
62 36 39
62 53 0
63 14 17
63 32 36
63 38 16
63 49 10
63 50 29
64 4 12
64 12 37
64 27 25
64 31 28
64 34 0
64 39 7
64 49 1
64 51 40
64 61 1
65 19 3
65 22 6
65 25 23
65 53 26
65 57 42
65 59 27
66 8 16
66 9 31
66 15 31
66 18 42
66 25 24
66 26 33
66 30 12
66 31 31
66 33 32
66 53 33
66 61 21
66 65 3
67 9 34
67 28 33
67 58 26
67 59 1
68 3 9
68 8 25
68 12 16
68 14 18
68 15 20
68 26 5
68 54 14
69 17 28
69 21 2
69 25 23
69 44 39
69 53 11
69 65 25
69 68 38
70 33 41
70 37 13
71 0 9
71 1 21
71 4 7
71 8 19
71 13 20
71 17 21
71 20 32
71 29 18
71 30 24
71 48 9
72 0 14
72 5 15
72 12 37
72 19 38
72 22 34
72 23 40
72 24 16
72 38 30
72 44 1
72 55 14
73 0 28
73 36 21
73 43 2
73 53 25
73 57 39
73 62 24
74 13 12
74 22 5
74 28 16
74 47 27
74 57 27
74 61 17
75 5 2
75 13 28
75 37 30
75 40 32
75 41 4
75 49 35
75 51 1
75 57 2
75 73 26
76 5 40
76 9 32
76 29 0
76 40 2
76 42 42
76 49 26
76 73 26
77 11 6
77 16 18
77 56 9
77 59 35
77 60 16
77 72 20
77 75 27
78 5 40
78 9 38
78 13 13
78 24 9
78 36 3
78 38 39
78 40 26
79 7 5
79 10 38
79 12 34
79 34 42
79 40 30
79 44 28
79 49 25
79 60 16
79 72 3
79 76 25
80 11 22
80 19 5
80 25 30
80 35 29
80 39 26
80 42 19
80 48 17
80 58 34
80 59 34
81 12 13
81 14 6
81 33 14
81 51 6
81 61 10
81 63 0
81 69 2
81 79 14
82 3 17
82 5 24
82 7 23
82 17 7
82 19 24
82 32 25
82 45 36
82 53 10
82 54 6
82 63 5
82 66 22
82 70 10
82 71 17
82 72 27
82 80 12
82 81 4
83 1 23
83 3 33
83 8 31
83 10 6
83 12 7
83 13 33
83 49 0
83 57 9
84 3 38
84 9 27
84 17 0
84 22 25
84 27 16
84 37 32
84 39 14
84 58 3
84 79 5
85 3 2
85 12 42
85 15 12
85 31 3
85 37 18
85 43 36
85 49 37
85 54 15
85 62 33
85 63 39
85 81 17
86 16 36
86 21 19
86 29 29
86 49 42
86 52 8
86 64 38
86 70 15
87 1 38
87 4 28
87 10 42
87 40 8
87 63 4
87 64 41
87 85 17
88 4 36
88 19 29
88 24 3
88 26 8
88 34 29
88 72 32
89 4 2
89 15 36
89 16 39
89 24 23
89 32 25
89 44 30
89 66 4
90 46 19
90 55 38
90 58 9
90 59 10
90 77 11
91 3 0
91 16 23
91 17 41
91 29 23
91 38 2
91 51 39
91 52 25
91 57 40
91 63 21
91 80 1
91 86 36
92 21 1
92 65 20
92 87 21
92 89 22
92 90 7
93 2 5
93 8 29
93 16 34
93 21 40
93 23 7
93 63 0
93 66 0
93 71 4
93 74 14
93 78 34
93 85 11
94 8 8
94 9 9
94 31 42
94 33 1
94 36 13
94 38 23
94 42 11
94 45 19
94 55 36
94 65 24
94 69 13
94 86 37
95 2 19
95 12 30
95 17 25
95 53 17
95 64 26
95 72 27
95 73 38
95 74 4
95 91 19
96 15 21
96 23 7
96 42 20
96 43 1
96 56 8
96 77 9
97 5 21
97 16 17
97 18 0
97 37 15
97 43 17
97 48 34
97 49 40
97 66 19
97 71 24
97 75 16
97 76 31
97 81 11
97 91 12
98 6 5
98 15 39
98 34 31
98 36 4
98 43 17
98 48 23
98 52 41
98 62 21
98 64 23
98 66 21
98 80 1
98 84 41
99 28 33
99 30 29
99 35 3
99 54 26
99 55 32
99 57 2
99 58 18
99 60 23
99 73 5
99 82 19
