100 505
7 6 11
8 2 25
10 2 28
10 5 17
10 7 30
11 4 4
11 6 25
12 0 21
13 9 16
14 13 29
15 2 23
15 10 35
16 10 40
16 14 42
17 11 19
18 2 1
18 6 2
18 7 20
19 11 15
21 12 27
22 12 36
22 13 34
22 16 36
23 6 30
23 18 3
23 20 34
24 15 6
24 17 26
24 19 25
24 23 13
25 12 2
25 20 5
26 24 16
27 24 5
27 25 28
28 2 29
28 15 31
28 16 10
28 19 29
29 4 31
29 9 38
29 12 38
30 4 33
30 5 12
30 24 26
30 27 32
31 2 36
31 11 20
31 19 14
31 29 28
32 4 36
33 6 8
34 2 12
34 10 35
34 26 32
34 29 8
35 2 26
35 17 8
35 18 32
35 28 38
36 14 40
36 15 31
36 29 7
37 34 32
38 18 22
38 19 19
38 22 4
38 23 10
39 21 21
39 27 10
39 28 28
39 33 39
39 35 16
39 38 18
40 1 32
40 5 6
40 8 31
40 15 38
40 26 8
41 7 13
41 25 25
41 28 31
41 37 16
42 6 22
42 8 41
42 14 28
42 30 15
42 36 7
42 37 11
42 42 17
43 0 13
43 21 18
43 24 14
43 30 15
44 5 19
44 10 7
44 17 15
44 39 40
44 43 12
45 8 31
45 21 10
45 29 7
45 31 9
45 40 37
45 43 10
46 9 35
46 17 30
46 28 35
46 33 15
46 40 2
46 46 14
47 0 42
47 5 15
47 6 32
47 20 16
48 0 30
48 7 5
48 13 24
48 30 21
48 32 6
48 42 18
49 11 11
49 15 23
49 46 31
50 10 26
50 13 4
50 37 9
50 42 37
50 50 10
51 1 15
51 2 28
51 9 39
51 35 15
52 21 17
52 31 7
52 37 21
52 49 13
52 51 37
53 3 14
53 6 24
53 22 1
53 23 8
53 25 26
53 48 20
54 8 32
54 19 26
54 21 28
54 31 40
54 39 18
55 32 10
55 35 14
55 36 12
55 40 38
56 34 26
56 39 11
56 41 2
56 45 3
57 3 6
57 21 20
57 24 23
57 32 38
58 20 17
58 21 21
58 47 35
58 48 17
59 6 10
59 9 15
59 34 0
59 46 24
59 47 15
60 4 38
60 17 24
60 29 37
60 34 34
60 53 20
60 59 33
61 8 13
61 10 35
61 17 13
61 26 27
61 37 13
61 38 31
61 41 21
61 44 13
61 46 8
61 54 39
61 57 12
62 8 0
62 11 26
62 24 13
62 31 19
62 41 16
62 52 26
62 57 9
63 9 5
63 10 18
63 24 5
63 26 20
63 30 12
63 54 12
63 55 30
63 60 1
64 16 38
65 9 11
65 34 35
65 36 25
65 46 0
66 16 30
66 27 14
66 43 24
66 44 5
66 47 38
67 7 29
67 9 12
67 22 29
67 23 14
67 27 27
67 48 36
67 53 3
67 56 35
67 57 0
68 13 25
68 23 24
68 38 5
68 44 4
69 4 33
69 6 22
69 15 3
69 17 11
69 30 19
69 31 33
69 51 14
69 58 1
69 61 33
70 6 3
70 37 9
70 39 37
70 46 5
70 54 12
70 63 2
70 65 36
70 67 41
70 69 25
71 20 1
71 28 42
71 39 6
71 56 21
71 58 6
71 59 14
71 60 15
71 66 6
72 6 25
72 8 39
72 18 16
72 24 27
72 35 35
72 39 10
72 40 16
73 2 32
73 5 0
73 6 6
73 12 6
73 15 37
73 25 4
73 38 39
73 42 16
73 43 0
73 44 6
73 50 13
73 52 32
73 56 2
74 17 12
74 22 10
74 23 27
74 24 41
74 40 21
74 46 18
74 60 30
74 63 17
74 69 25
74 71 8
75 25 10
75 69 19
75 71 37
76 15 11
76 20 32
76 31 3
76 37 22
76 38 17
76 52 4
77 4 31
77 15 6
77 29 13
77 33 34
77 42 6
77 48 41
77 50 13
77 63 20
78 3 0
78 11 13
78 13 39
78 20 0
78 21 7
78 36 18
78 53 2
78 54 12
78 56 40
78 72 21
79 16 3
79 24 5
79 27 42
79 42 13
79 43 39
79 48 26
79 51 20
79 61 18
79 64 11
79 70 14
79 72 35
79 75 34
80 8 16
80 16 23
80 56 31
80 62 42
80 68 15
80 69 26
80 73 23
81 8 7
81 18 1
81 22 31
81 24 4
81 35 25
81 39 3
81 47 17
81 65 34
81 66 42
81 81 13
82 0 38
82 13 11
82 26 5
82 29 12
82 44 40
82 54 27
82 56 24
82 57 39
82 59 0
82 66 15
82 72 33
83 16 12
83 26 24
83 32 32
83 59 28
83 63 5
83 79 28
83 81 38
84 1 25
84 9 2
84 13 40
84 22 17
84 25 38
84 37 26
84 38 10
84 53 42
84 55 35
84 80 26
85 10 4
85 12 10
85 22 15
85 35 38
85 37 30
85 38 2
85 41 36
85 62 32
85 65 10
86 8 24
86 20 17
86 25 25
86 27 28
86 38 8
86 40 25
86 48 31
86 76 35
86 85 14
87 8 0
87 21 39
87 34 41
87 44 36
87 50 7
87 58 33
87 60 24
87 77 12
88 13 5
88 27 4
88 29 17
88 36 4
88 38 11
88 48 39
88 59 17
89 1 38
89 19 23
89 27 6
89 36 34
89 57 4
89 65 5
89 69 21
89 75 20
89 88 20
90 2 25
90 4 6
90 39 7
90 44 9
90 60 18
90 86 31
91 9 16
91 11 38
91 13 16
91 40 18
91 50 22
91 58 34
91 64 10
91 76 8
91 79 1
91 81 25
92 17 1
92 20 18
92 39 22
92 42 2
92 48 39
92 51 6
92 56 11
92 65 5
92 86 36
93 7 21
93 9 30
93 19 10
93 21 12
93 24 31
93 35 22
93 39 31
93 41 37
93 56 21
93 66 13
93 67 31
93 82 26
94 3 40
94 4 27
94 5 29
94 6 8
94 9 7
94 10 21
94 24 4
94 43 39
94 56 34
94 59 13
94 62 31
94 71 1
94 85 20
95 1 30
95 4 40
95 5 26
95 11 28
95 32 40
95 56 6
95 61 24
95 93 14
96 1 8
96 10 21
96 15 19
96 20 7
96 43 13
96 57 40
96 68 42
96 87 30
96 88 3
96 92 11
97 16 12
97 30 13
97 46 41
97 50 15
98 5 1
98 8 30
98 27 14
98 34 24
98 39 1
98 42 27
98 48 13
98 54 9
98 61 38
98 75 12
98 80 41
98 86 6
99 7 42
99 15 33
99 19 39
99 22 7
99 44 17
99 51 17
99 66 34
99 68 19
99 69 38
99 70 40
99 76 33
99 84 38
99 86 23
99 87 35
