100 505
3 3 19
4 3 20
5 0 22
5 1 5
8 5 18
10 0 9
11 3 25
11 10 2
12 2 24
12 6 35
13 0 31
13 2 27
13 4 38
13 6 38
14 7 10
15 0 11
15 4 8
16 3 23
17 1 34
17 12 38
18 0 30
18 1 11
18 2 24
18 3 29
18 10 1
19 18 38
20 2 5
22 9 7
23 0 26
23 20 30
24 4 41
24 14 24
24 15 22
25 2 5
25 16 15
25 18 16
26 0 26
26 21 8
27 3 12
27 4 21
27 11 13
27 24 41
28 2 23
28 28 31
29 6 38
29 11 18
30 3 40
30 14 13
31 1 12
31 14 13
32 14 8
32 16 26
32 25 40
32 29 26
33 15 8
33 21 16
34 9 41
34 24 0
34 32 10
34 34 39
35 16 19
35 26 24
35 27 41
35 31 7
36 7 22
36 18 8
36 19 6
36 20 24
36 21 38
36 33 37
37 14 28
37 26 13
38 2 40
38 27 19
38 32 29
38 34 2
38 37 8
39 1 14
39 7 15
39 10 29
39 12 1
39 14 17
39 20 29
39 23 3
39 32 36
40 3 40
40 6 15
40 23 0
40 32 21
40 35 13
40 38 10
41 8 15
41 18 19
41 24 13
41 33 7
41 41 6
42 15 28
42 16 17
42 26 0
43 8 34
43 12 16
43 33 28
43 37 18
44 2 1
44 28 24
45 3 29
45 19 14
45 24 39
45 30 10
45 38 25
46 1 7
46 5 0
46 16 29
46 17 5
46 33 17
46 35 20
46 36 4
46 37 11
47 3 21
47 7 15
47 21 25
47 28 7
47 38 2
47 44 29
48 13 40
48 23 39
48 25 16
48 40 33
49 19 36
49 37 14
50 19 19
50 22 18
50 23 32
50 24 2
50 32 8
50 33 9
50 48 36
51 4 19
51 10 25
51 15 30
51 24 20
51 47 26
52 12 19
52 21 9
52 25 14
52 49 18
53 2 8
53 10 28
54 2 37
54 5 28
54 22 25
54 33 12
55 0 33
55 7 38
55 14 41
55 15 1
55 17 12
55 39 39
55 40 32
56 36 32
56 54 7
57 3 6
57 5 3
57 38 36
57 55 14
58 47 41
58 56 15
59 8 23
59 9 25
59 16 2
59 17 29
59 19 36
59 23 38
59 56 19
60 15 6
60 17 21
60 20 1
60 27 3
60 28 18
60 30 38
60 37 25
60 44 41
60 58 36
61 9 4
61 16 39
61 18 8
61 25 1
61 45 22
61 47 42
62 13 28
62 33 32
62 40 8
62 44 34
62 48 24
63 20 9
63 21 33
63 26 10
63 27 4
63 35 16
63 54 10
64 4 21
64 5 11
64 7 41
64 10 3
64 25 40
64 33 37
64 58 41
64 62 16
65 4 8
65 8 17
65 10 11
65 15 21
65 24 23
65 50 6
65 52 3
65 55 4
66 3 19
66 18 31
66 21 22
66 26 18
66 27 13
66 37 33
66 41 32
66 47 7
66 59 17
66 61 21
67 2 37
67 9 4
67 19 1
67 24 24
67 31 32
67 52 28
67 61 8
68 13 2
68 23 0
68 37 4
68 57 1
68 65 35
69 6 22
69 19 20
69 34 37
69 39 12
69 52 20
69 53 37
69 68 20
70 13 3
70 30 15
70 33 19
70 45 16
70 47 3
70 60 11
70 62 30
70 67 12
71 4 11
71 16 31
71 24 5
71 36 22
71 48 20
71 51 42
71 53 16
72 13 7
72 25 42
72 40 15
72 45 40
72 53 24
73 2 22
73 18 6
73 27 6
73 29 34
73 30 3
73 32 18
73 41 15
73 42 0
73 49 17
74 10 41
74 16 34
74 28 19
74 34 41
74 37 31
74 45 38
74 50 41
74 63 29
75 2 8
75 5 13
75 61 18
75 65 38
76 10 37
76 12 14
76 14 32
76 41 41
76 46 20
76 51 16
76 54 12
76 68 29
77 2 31
77 11 12
77 13 21
77 37 22
77 67 7
77 69 41
77 74 40
78 3 3
78 4 41
78 8 25
78 15 26
78 26 15
78 30 37
78 34 23
78 39 26
78 63 30
78 70 13
79 13 24
79 19 36
79 25 4
79 31 19
79 32 27
79 37 14
79 45 23
79 46 29
79 48 0
79 50 26
79 51 7
79 61 24
79 75 35
79 77 27
80 9 24
80 15 37
80 43 21
80 53 37
80 58 32
80 69 17
81 13 42
81 26 24
81 33 19
81 35 4
81 56 3
81 62 36
81 66 13
82 5 22
82 15 19
82 21 21
82 44 20
82 45 4
82 46 36
82 47 22
82 56 16
82 57 18
82 80 25
83 1 8
83 30 19
83 36 30
83 38 2
83 39 31
83 44 42
83 53 3
83 77 36
84 0 13
84 9 29
84 16 27
84 22 35
84 36 40
84 58 5
84 78 19
85 9 11
85 13 5
85 15 34
85 17 27
85 20 38
85 35 30
85 41 33
85 45 42
85 52 28
85 74 38
85 83 8
86 13 14
86 15 21
86 16 40
86 19 4
86 22 8
86 33 35
86 44 23
86 45 17
86 57 10
86 85 19
87 18 3
87 19 7
87 32 13
87 44 9
87 54 14
87 58 11
87 60 32
87 74 41
87 83 8
88 0 22
88 7 18
88 11 15
88 31 41
88 48 11
88 52 8
88 67 11
88 78 40
88 85 12
89 0 18
89 3 26
89 7 14
89 10 8
89 11 14
89 20 12
89 23 23
89 40 33
89 64 42
89 72 0
89 78 34
89 81 32
90 19 5
90 42 39
90 45 10
90 53 26
90 65 28
90 71 41
90 77 22
91 11 39
91 15 41
91 29 13
91 34 1
91 41 18
91 50 18
91 69 29
91 86 23
92 0 18
92 2 9
92 13 20
92 54 6
92 81 12
92 83 22
93 12 4
93 13 27
93 15 20
93 44 15
93 49 32
93 72 38
93 73 7
93 82 19
93 83 32
94 7 19
94 12 41
94 16 13
94 60 39
94 62 7
94 65 35
94 73 20
94 85 34
94 87 0
95 14 38
95 19 37
95 22 10
95 35 2
95 47 42
95 54 29
95 61 9
95 67 37
95 73 6
95 85 24
96 7 7
96 9 18
96 13 37
96 21 22
96 27 15
96 40 29
96 45 38
96 54 16
96 66 21
96 71 36
96 80 5
96 81 39
96 87 21
96 90 31
96 95 4
97 9 18
97 10 21
97 13 13
97 14 11
97 21 27
97 24 40
97 29 0
97 48 6
97 61 4
97 70 20
97 76 11
98 12 3
98 16 17
98 39 15
98 45 20
98 49 5
98 58 24
98 79 28
98 84 41
98 97 12
99 6 15
99 15 11
99 34 4
99 60 21
99 66 15
99 80 18
99 95 14
