100 505
2 0 13
2 1 10
4 0 4
4 1 27
6 5 34
9 4 16
9 6 17
9 8 6
11 4 13
11 10 17
12 2 25
14 10 20
15 11 15
15 12 35
17 16 6
18 6 11
18 11 32
18 14 20
19 1 9
19 5 7
19 10 23
20 1 1
20 2 25
20 20 37
21 5 3
21 10 6
21 17 1
22 7 20
22 17 36
23 19 36
23 22 37
24 8 41
24 16 28
25 9 32
26 9 20
26 15 41
26 20 11
27 0 20
27 26 25
28 6 32
28 9 39
28 11 37
28 14 11
29 12 33
30 19 30
30 21 9
31 0 24
31 6 5
31 8 39
31 9 27
31 11 3
31 14 19
31 31 30
32 18 0
32 19 23
32 31 0
33 3 28
33 5 14
33 30 5
34 1 28
34 4 40
34 8 26
34 33 13
35 0 2
35 12 17
35 13 7
35 24 35
35 28 9
36 6 15
36 18 18
36 25 41
37 19 22
37 20 16
37 22 11
38 0 15
38 12 20
38 22 27
38 36 10
39 23 31
39 26 29
39 30 35
40 0 20
40 8 2
40 20 5
40 31 19
40 36 10
40 39 37
41 8 14
41 16 21
41 22 31
41 32 14
41 33 33
41 38 27
42 0 12
42 23 38
42 27 2
42 34 23
42 35 21
43 20 34
43 29 14
43 30 38
43 40 20
44 13 33
44 17 28
44 36 12
44 38 31
45 14 39
45 16 15
45 24 3
45 27 17
45 34 37
45 35 12
46 2 39
46 11 2
46 14 18
46 41 6
47 17 30
47 36 13
47 44 3
47 45 7
48 3 7
48 45 10
49 4 0
49 5 24
49 28 29
49 48 3
49 49 1
50 6 0
50 10 5
50 11 39
50 17 5
50 43 32
51 0 11
51 38 19
51 40 34
51 42 31
51 44 21
51 47 36
51 50 16
52 3 11
52 10 24
52 11 6
52 18 41
52 39 35
52 40 38
52 51 27
53 15 19
53 43 25
53 50 26
53 52 31
54 24 9
54 27 21
54 47 28
55 2 41
55 11 6
55 49 15
55 52 12
56 0 2
56 7 34
56 8 20
56 35 0
56 39 6
56 41 0
56 48 20
57 40 34
57 41 9
57 48 25
58 11 4
58 16 3
58 45 34
58 52 9
58 55 25
59 8 27
59 31 14
59 40 24
59 44 18
59 58 35
60 4 19
60 6 3
60 12 5
60 39 22
60 56 15
61 35 27
61 38 34
61 39 35
61 41 31
61 43 28
61 50 4
61 51 37
61 55 15
62 3 14
62 4 24
62 19 39
62 38 22
62 61 38
63 0 9
63 39 0
63 51 9
63 54 9
63 59 34
63 61 32
64 0 39
64 2 11
64 24 24
64 34 7
65 2 16
65 3 11
65 10 37
65 11 11
65 19 28
65 41 26
65 48 8
65 64 29
66 7 18
66 17 25
66 25 15
66 47 1
66 51 42
66 52 12
67 1 34
67 7 0
67 12 22
67 23 38
67 37 23
67 39 41
67 40 22
67 55 42
68 6 35
68 7 22
68 13 28
68 27 21
68 30 21
68 41 12
68 44 21
68 45 39
68 62 23
69 10 41
69 33 9
69 58 9
69 60 27
70 1 30
70 3 38
70 20 30
70 43 42
70 62 3
70 64 15
71 32 14
71 35 19
71 41 39
71 57 3
72 1 5
72 15 40
72 18 15
72 35 4
72 40 38
73 9 13
73 52 33
73 57 7
73 59 22
74 1 28
74 3 22
74 21 13
74 22 17
74 27 35
74 33 19
74 46 13
74 54 34
74 71 8
75 5 8
75 13 9
75 19 0
75 22 1
75 52 23
75 54 0
75 66 28
75 74 7
75 75 16
76 8 22
76 14 4
76 18 8
76 23 11
76 24 14
76 38 30
76 40 3
76 54 39
76 73 14
77 5 6
77 9 5
77 20 9
77 33 22
77 38 34
77 40 40
77 47 22
78 4 25
78 10 29
78 20 0
78 27 20
78 34 37
78 69 15
78 70 20
78 74 20
79 3 36
79 6 29
79 38 15
79 52 23
79 79 12
80 0 15
80 5 42
80 7 6
80 13 21
80 32 40
80 47 7
80 49 27
80 66 39
80 79 19
81 29 36
81 45 27
81 55 24
81 59 2
81 62 2
81 65 32
81 67 2
81 75 25
81 78 25
81 80 20
82 6 1
82 11 39
82 13 17
82 19 26
82 34 5
82 43 13
82 49 18
82 50 26
82 62 8
82 73 1
82 82 18
83 2 9
83 3 35
83 20 20
83 22 37
83 34 0
83 35 38
83 40 23
83 47 25
83 57 3
83 60 17
83 69 8
83 71 29
83 75 26
84 2 16
84 30 27
84 31 1
84 39 16
84 42 0
84 51 5
84 55 33
84 63 4
84 67 17
84 77 37
84 83 3
85 1 5
85 2 10
85 4 5
85 8 28
85 17 20
85 22 24
85 27 3
85 30 15
85 38 40
85 41 19
85 43 7
85 55 15
85 58 29
85 66 0
86 8 1
86 10 26
86 15 39
86 17 24
86 18 4
86 32 1
86 35 12
86 42 37
86 50 42
86 57 21
87 5 36
87 15 11
87 27 5
87 38 23
87 46 26
87 53 38
87 59 28
87 67 22
87 73 34
87 80 40
87 83 34
88 23 31
88 31 28
88 37 18
88 38 22
88 68 40
88 81 24
89 1 13
89 5 41
89 27 26
89 37 5
89 41 15
89 50 8
89 65 10
89 71 29
89 75 16
90 7 6
90 11 0
90 13 12
90 27 19
90 41 0
90 42 12
90 62 10
90 71 8
90 76 29
91 2 6
91 4 21
91 8 41
91 15 18
91 17 2
91 18 5
91 20 21
91 33 28
91 54 5
91 67 16
91 77 22
91 79 26
92 0 24
92 5 33
92 32 42
92 42 27
92 55 14
93 2 5
93 10 31
93 12 24
93 15 37
93 50 3
93 51 36
93 53 25
93 82 39
93 91 24
94 9 0
94 17 22
94 18 40
94 42 11
94 44 35
94 53 24
94 59 25
94 79 24
94 86 21
94 87 32
94 90 17
95 4 1
95 15 29
95 20 13
95 35 1
95 47 13
95 50 38
95 54 5
95 57 3
95 71 40
95 76 10
95 87 22
95 92 29
96 5 29
96 18 26
96 23 1
96 24 14
96 26 34
96 39 0
96 45 19
96 47 0
96 81 15
96 87 12
96 92 41
97 18 22
97 28 6
97 35 5
97 44 39
97 54 41
97 61 32
97 65 19
97 83 22
98 25 37
98 31 16
98 39 5
98 46 25
98 48 12
98 60 18
98 78 0
98 84 33
98 97 13
99 5 28
99 18 5
99 21 1
99 29 13
99 48 38
99 53 4
99 67 9
99 71 32
99 78 30
