100 505
4 0 10
8 0 11
9 4 11
10 2 16
11 0 39
11 8 15
13 8 11
14 8 1
14 12 41
15 8 17
15 11 31
15 12 33
18 6 37
18 8 25
18 18 10
19 0 13
19 6 8
19 18 24
20 2 23
20 12 15
20 13 14
21 8 25
21 16 37
23 11 5
23 17 15
24 13 21
24 17 4
24 19 14
26 10 30
26 11 40
26 18 4
26 19 38
27 23 19
28 14 26
28 26 2
29 8 13
29 9 22
29 11 8
29 17 14
29 20 4
30 4 10
30 12 18
30 17 19
30 18 16
31 14 40
31 23 16
31 28 12
32 10 38
32 14 36
32 18 23
32 29 34
33 4 41
33 21 41
33 24 7
34 23 8
34 33 11
35 1 10
35 11 18
35 15 5
35 16 34
36 0 8
36 12 42
36 13 38
36 21 27
36 28 3
36 36 0
37 13 8
37 36 17
38 2 35
38 11 17
38 30 17
38 34 24
39 1 12
39 6 35
39 7 23
39 14 19
39 20 30
39 29 12
39 35 33
40 15 14
40 31 28
40 33 15
40 36 9
40 38 27
41 8 16
41 9 31
41 13 32
41 29 28
41 30 41
41 32 4
41 40 24
42 24 7
42 26 31
42 35 11
43 5 20
43 8 38
43 42 17
44 15 5
44 41 8
45 1 38
45 20 3
45 21 42
45 34 4
45 44 37
46 4 26
46 7 25
46 21 30
46 30 1
47 3 27
47 13 26
47 31 17
47 38 0
47 42 17
47 47 15
48 34 19
49 1 36
49 5 28
49 21 23
49 25 33
49 33 22
49 40 28
50 21 18
50 32 39
50 46 10
51 4 13
51 14 11
51 16 30
51 20 13
51 29 12
51 46 20
52 1 41
52 7 42
52 23 18
52 26 11
52 35 24
52 48 22
52 49 17
52 50 18
53 3 23
53 16 17
53 17 18
53 20 23
53 30 15
53 45 17
53 46 25
54 0 11
54 12 33
54 16 10
54 26 8
54 46 7
54 47 20
54 48 20
55 1 22
55 9 2
55 41 41
55 47 27
56 4 36
56 20 17
56 49 15
56 55 2
57 2 31
57 15 2
57 20 35
57 21 1
57 32 18
57 41 1
57 51 28
58 17 30
58 22 36
58 24 35
58 25 23
58 38 18
58 40 0
58 41 27
58 42 11
59 7 30
59 12 27
59 17 28
59 24 23
59 25 32
59 26 17
59 50 37
59 51 20
60 1 36
60 12 12
60 36 32
60 44 7
61 11 35
61 27 28
61 36 42
61 40 16
61 53 1
61 57 26
62 8 15
62 10 18
62 34 24
62 54 33
62 59 20
63 21 34
63 37 13
63 39 2
63 53 19
63 56 28
64 37 2
64 44 24
64 50 18
65 6 31
65 7 21
65 8 25
65 9 31
65 22 26
65 29 37
65 37 8
65 40 36
65 41 32
65 42 8
65 50 17
65 61 34
66 3 40
66 27 36
66 35 16
66 50 9
66 58 7
66 61 3
67 4 22
67 10 12
67 13 23
67 28 1
67 30 30
67 42 2
67 57 13
68 3 5
68 7 2
68 30 8
68 51 24
68 60 9
69 0 18
69 6 39
69 16 42
69 42 15
69 51 30
69 66 30
69 67 37
70 14 41
70 16 2
70 21 37
70 22 29
70 29 30
70 51 20
71 3 28
71 29 11
71 33 27
71 53 2
72 0 10
72 3 19
72 7 12
72 26 22
72 44 14
72 49 7
73 2 7
73 4 4
73 6 21
73 10 15
73 15 39
73 27 29
73 38 38
73 44 35
73 50 10
73 62 17
73 68 20
73 71 18
74 0 1
74 7 30
74 18 22
74 31 19
74 35 19
74 42 31
74 43 8
75 8 37
75 33 1
75 34 7
75 59 37
76 11 9
76 22 23
76 32 7
76 41 8
76 50 30
76 51 41
76 55 29
76 61 13
76 63 6
77 5 24
77 10 13
77 14 10
77 17 35
77 32 16
77 40 16
77 63 3
78 8 5
78 28 40
78 31 3
78 40 9
78 66 28
78 76 0
79 0 40
79 17 34
79 33 41
79 37 34
79 38 12
79 41 8
79 60 1
79 62 37
79 65 2
79 70 21
79 78 10
80 14 38
80 26 20
80 36 18
80 45 19
80 62 41
80 77 13
81 1 11
81 29 2
81 36 19
81 45 9
81 47 34
81 56 20
81 57 21
81 71 38
81 76 25
82 6 13
82 17 21
82 26 19
82 27 26
82 28 31
82 33 30
82 42 11
82 46 13
82 49 26
82 54 26
82 55 29
82 73 2
82 77 14
82 78 9
83 34 24
83 47 11
83 65 23
83 81 10
84 17 35
84 21 8
84 26 24
84 45 12
84 62 5
84 63 9
84 78 18
84 81 36
85 33 0
85 35 1
85 38 15
85 47 19
85 49 40
85 68 28
86 1 7
86 4 32
86 5 1
86 19 27
86 23 16
86 31 31
86 38 4
86 50 42
86 53 39
86 57 36
86 69 3
86 72 31
87 7 40
87 8 39
87 13 22
87 16 1
87 21 26
87 30 33
87 36 28
87 37 15
87 53 28
87 69 8
87 73 1
87 78 11
87 80 28
87 85 31
88 21 6
88 31 15
88 32 13
88 72 21
88 74 34
89 8 36
89 13 19
89 27 34
89 30 35
90 8 2
90 12 35
90 17 14
90 26 18
90 52 16
90 56 4
90 58 15
90 59 41
90 81 39
90 84 20
91 6 17
91 25 24
91 31 3
91 50 2
91 61 6
91 69 42
91 70 16
91 75 40
91 82 27
91 86 18
91 90 32
92 3 30
92 5 16
92 7 25
92 34 32
92 37 10
92 41 5
92 50 13
92 58 18
92 64 10
92 77 17
93 0 17
93 7 0
93 12 29
93 46 39
93 56 33
93 61 19
93 62 14
93 66 39
93 68 32
93 70 1
93 80 25
93 87 0
93 91 16
94 3 37
94 5 31
94 19 7
94 24 25
94 39 19
94 82 35
94 87 34
95 2 4
95 19 38
95 27 13
95 34 42
95 44 37
95 45 6
95 49 2
95 70 15
95 73 23
95 83 15
95 86 3
95 89 35
96 1 25
96 3 2
96 7 16
96 19 10
96 38 1
96 41 8
96 42 27
96 58 1
96 75 20
96 80 31
96 82 37
96 93 25
97 29 15
97 36 16
97 52 4
97 60 9
97 92 41
97 96 11
98 4 36
98 16 34
98 30 12
98 31 40
98 34 32
98 41 2
98 48 18
98 53 32
98 70 7
98 83 15
98 87 39
98 92 31
99 6 23
99 7 3
99 9 4
99 16 20
99 26 18
99 38 25
99 40 11
99 47 20
99 71 2
99 73 33
99 77 20
99 78 26
99 85 39
99 88 26
99 98 21
