100 505
0 0 39
3 1 3
5 1 20
6 5 4
7 3 7
8 2 40
10 9 17
11 3 3
12 8 13
14 5 24
15 5 26
15 7 35
16 3 10
16 7 1
17 2 40
17 8 22
17 14 0
19 3 22
19 4 19
19 7 32
20 10 0
21 6 3
21 13 14
21 14 40
21 16 6
23 1 37
23 10 38
24 11 23
24 12 28
26 3 5
26 7 23
27 1 22
27 3 32
27 9 33
27 12 20
27 15 7
27 24 42
28 0 15
28 3 6
28 4 1
28 14 7
29 11 42
29 14 1
29 21 28
29 23 8
30 8 39
31 16 32
31 26 42
32 3 21
32 5 33
32 19 3
32 23 0
33 9 39
33 26 8
34 13 38
34 20 5
34 29 25
35 14 27
35 30 39
36 12 13
36 33 12
37 22 30
37 28 16
37 36 37
38 9 6
38 22 36
38 23 2
38 25 38
39 15 0
39 26 16
39 35 21
39 36 31
40 0 13
40 2 1
40 11 41
40 16 0
40 30 1
41 7 4
41 11 6
41 37 1
42 0 20
42 25 10
42 41 30
43 2 38
43 3 29
43 8 26
43 13 19
43 17 12
43 20 9
43 34 14
43 40 31
43 41 14
44 6 9
44 24 1
44 25 38
45 2 21
45 13 34
45 18 24
45 20 9
45 22 24
45 25 15
45 34 36
45 41 35
46 0 23
46 21 14
46 33 22
46 34 35
46 38 23
47 30 32
48 0 15
48 28 2
48 29 3
48 34 13
48 41 41
48 42 25
48 43 5
49 3 0
49 14 21
49 33 38
49 35 20
49 48 3
50 11 26
50 24 6
50 37 37
50 49 8
51 19 39
51 38 31
51 43 2
52 23 27
52 29 6
52 36 10
52 50 30
53 4 1
53 13 21
53 19 37
54 19 13
54 27 32
54 28 30
54 43 5
54 54 21
55 8 10
55 10 21
55 13 12
55 21 13
55 26 26
55 33 9
55 47 35
56 6 25
56 11 26
56 17 21
56 25 7
56 48 41
56 49 28
57 1 12
57 2 0
57 15 26
58 8 39
58 13 13
58 31 42
58 54 8
59 22 39
59 28 2
59 33 20
59 34 13
59 50 26
59 53 11
60 24 1
60 27 42
60 34 1
60 50 1
60 56 9
60 57 37
61 12 39
61 19 7
61 20 23
61 33 24
61 37 4
61 40 5
61 44 26
61 47 42
62 4 13
62 27 30
62 29 3
62 37 6
62 41 39
62 61 33
63 5 26
63 6 35
63 25 4
63 42 4
63 47 14
63 53 38
63 54 31
63 59 31
64 7 21
64 8 22
64 14 29
64 27 42
64 36 38
64 49 23
64 55 36
64 60 27
65 12 21
65 16 40
65 24 21
65 34 36
65 36 2
65 43 17
65 61 25
66 0 24
66 14 16
66 21 28
66 24 3
66 49 13
66 60 22
66 65 16
67 6 24
67 7 1
67 15 17
67 19 8
67 44 26
67 65 3
68 12 34
68 25 30
68 40 15
68 62 6
68 68 16
69 13 27
69 18 39
69 35 13
69 37 9
69 40 42
69 45 6
70 15 33
70 22 32
70 42 28
70 47 23
70 58 21
71 1 29
71 2 7
71 16 31
71 21 37
71 23 26
71 33 34
71 45 25
71 65 22
71 70 3
72 11 35
72 13 8
72 24 23
72 25 31
72 28 35
72 31 13
72 52 25
73 4 39
73 13 23
73 15 17
73 17 10
73 29 13
73 39 41
73 48 42
73 49 30
73 53 1
73 54 39
73 57 42
74 8 21
74 9 27
74 21 28
74 24 17
74 43 0
74 44 10
74 55 1
74 59 35
74 63 26
75 0 12
75 4 25
75 14 0
75 19 38
75 30 36
75 39 8
75 52 25
75 54 27
75 55 31
75 59 19
75 65 30
76 1 5
76 15 32
76 16 42
76 28 39
76 49 10
76 60 28
76 64 34
76 75 8
77 7 42
77 9 30
77 10 27
77 16 19
77 29 13
77 53 20
77 54 6
77 55 30
77 60 18
77 68 27
77 70 27
78 12 22
78 24 6
78 25 36
78 36 19
78 47 40
78 54 1
79 6 18
79 12 4
79 16 21
79 22 28
79 32 10
79 33 42
79 36 35
79 42 17
79 60 28
79 72 16
80 7 11
80 10 1
80 13 13
80 19 42
80 24 11
80 33 31
80 48 5
81 0 34
81 1 5
81 6 14
81 46 42
81 67 2
81 68 36
81 73 10
81 75 29
82 5 38
82 9 30
82 25 27
82 27 19
82 41 4
82 43 25
82 67 6
82 69 21
82 77 35
83 10 2
83 21 22
83 35 42
83 45 40
83 49 29
83 54 25
83 55 38
83 59 9
83 76 30
84 10 32
84 13 22
84 15 21
84 21 40
84 40 9
84 43 15
84 44 30
84 55 18
84 56 0
84 65 0
84 75 26
84 81 5
85 4 12
85 7 33
85 12 20
85 36 14
85 44 18
85 62 38
85 69 28
85 78 17
85 83 17
86 1 19
86 17 15
86 24 39
86 27 26
86 53 13
86 78 18
86 79 14
87 8 30
87 21 27
87 23 26
87 29 38
87 54 15
87 70 35
87 74 12
87 83 14
88 32 36
88 36 21
88 55 18
88 66 34
88 74 34
88 75 13
89 9 16
89 10 30
89 16 9
89 17 39
89 60 27
89 63 31
89 64 9
89 68 17
89 78 4
90 2 42
90 19 1
90 24 38
90 51 27
90 54 10
90 57 0
90 78 32
90 80 14
90 84 15
91 0 20
91 5 34
91 7 21
91 13 21
91 16 25
91 27 12
91 31 12
91 32 29
91 73 14
91 88 12
92 2 14
92 5 14
92 6 2
92 15 14
92 19 22
92 56 8
92 67 30
92 86 1
93 15 25
93 35 1
93 50 15
93 81 8
93 82 40
94 29 27
94 34 24
94 38 20
94 51 27
94 53 11
94 56 21
94 57 19
94 64 6
94 66 23
94 84 6
95 18 21
95 38 22
95 47 3
95 48 17
95 54 32
95 61 22
95 71 9
95 86 15
96 7 38
96 23 40
96 28 30
96 34 7
96 42 11
96 44 34
96 49 1
96 57 25
96 69 34
97 10 6
97 15 36
97 18 2
97 20 41
97 34 15
97 36 23
97 40 29
97 41 10
97 61 1
97 64 8
97 65 11
97 69 8
97 78 0
97 80 15
97 88 27
97 94 21
98 4 26
98 10 1
98 11 31
98 12 16
98 16 16
98 20 0
98 21 36
98 25 17
98 33 42
98 65 13
98 71 42
98 75 34
98 84 5
98 85 1
98 94 13
99 4 24
99 6 31
99 25 17
99 27 4
99 45 14
99 46 26
99 72 41
99 81 26
99 82 1
99 86 38
99 94 11
