100 505
4 2 21
5 3 16
6 0 32
6 2 28
8 6 3
10 10 15
11 2 11
12 3 42
12 10 29
13 1 24
13 3 13
13 7 28
14 6 8
14 11 28
15 1 25
15 11 12
15 15 7
16 13 6
17 12 7
17 17 42
18 2 15
18 13 14
19 7 16
20 18 38
21 14 1
22 12 4
22 17 4
23 9 6
24 23 14
25 2 10
25 6 3
25 7 4
26 5 33
27 1 37
27 12 26
28 1 4
28 5 9
29 25 35
30 6 41
30 8 15
30 9 32
30 13 12
31 24 32
32 17 11
32 18 2
32 22 32
33 17 38
33 18 12
33 25 40
33 28 36
34 3 0
34 17 22
34 34 17
35 4 38
35 7 40
35 9 26
35 14 16
36 0 28
36 2 26
36 6 25
36 21 31
36 26 28
37 21 16
37 26 5
37 27 0
37 28 22
37 34 4
38 10 28
38 17 33
38 25 15
38 32 17
39 3 4
39 9 32
39 10 16
39 23 29
39 37 13
40 9 30
40 19 35
40 35 5
41 32 4
41 33 18
41 35 2
41 39 6
42 15 8
42 16 3
42 19 8
42 33 34
43 6 17
43 10 39
43 15 17
43 17 31
43 42 1
44 1 33
44 10 8
44 20 39
44 36 15
44 39 20
44 41 22
44 42 23
45 24 33
45 26 7
45 29 33
45 31 0
45 34 30
45 35 20
45 41 37
45 45 29
46 13 36
46 14 27
46 17 0
46 30 14
46 33 14
46 36 5
46 37 7
47 7 21
47 24 22
47 33 27
48 7 39
48 21 4
48 34 6
48 35 20
49 4 21
49 18 4
49 20 13
49 34 24
49 39 18
50 24 41
50 25 14
50 27 38
50 32 27
50 37 33
50 43 16
51 25 39
51 27 36
51 28 24
52 19 1
52 37 18
53 11 15
53 21 16
53 22 32
53 34 27
53 50 10
54 8 27
54 24 26
54 31 37
55 4 1
55 8 32
55 11 34
55 27 11
55 33 17
56 3 32
56 18 42
56 27 34
56 28 32
56 33 27
56 37 35
56 38 20
56 52 28
57 4 32
57 31 32
57 34 9
57 48 3
57 51 0
57 56 29
58 5 23
58 10 41
58 13 15
59 2 2
59 7 13
59 9 20
59 14 23
59 30 22
59 31 29
59 48 0
59 49 30
59 56 8
60 38 31
60 47 3
61 9 38
61 19 2
61 58 23
62 11 7
62 49 4
62 61 26
62 62 13
63 12 28
63 22 40
63 40 18
63 58 12
64 4 37
64 8 0
64 10 2
64 13 39
64 15 40
64 16 37
64 20 29
64 46 28
64 64 35
65 1 5
65 6 14
65 20 14
65 22 30
65 26 32
65 28 14
66 12 7
66 21 21
66 23 7
66 24 26
66 25 28
66 29 7
66 41 21
66 55 20
66 59 20
66 61 36
67 7 28
67 20 5
67 31 8
67 48 34
67 51 24
68 6 8
68 14 11
68 19 23
68 37 20
68 47 32
68 50 33
68 53 16
68 56 14
68 57 36
69 8 27
69 12 17
69 22 10
69 35 42
69 45 20
69 46 12
69 53 17
69 62 0
69 64 16
70 19 28
70 37 17
70 45 17
70 47 38
70 59 26
70 65 33
71 6 42
71 23 7
71 27 40
71 40 34
71 44 36
71 48 33
72 1 39
72 8 18
72 11 29
72 18 32
72 32 11
72 43 15
72 68 9
72 72 41
73 3 7
73 12 25
73 16 1
73 19 32
73 20 8
73 23 40
73 30 16
73 45 12
73 55 2
73 64 1
74 11 22
74 17 38
74 18 19
74 24 32
74 53 37
74 56 42
74 62 7
74 64 18
75 4 39
75 8 31
75 12 12
75 17 40
75 20 5
75 25 1
75 30 31
75 33 38
75 50 2
75 58 2
75 62 14
75 70 14
75 71 27
75 72 11
75 73 39
76 3 35
76 6 13
76 12 36
76 13 12
76 14 23
76 22 8
76 25 5
76 29 34
76 34 28
76 39 32
76 48 10
76 66 10
77 8 2
77 28 37
77 29 4
77 42 9
77 45 6
77 47 6
78 0 40
78 2 20
78 6 16
78 21 0
78 26 6
78 49 33
78 52 42
78 65 21
78 74 31
79 11 22
79 26 40
79 28 25
79 48 4
79 55 41
79 60 17
79 67 8
79 75 35
80 25 37
80 27 24
80 47 32
80 50 16
80 51 38
80 56 28
80 60 27
80 67 33
80 69 35
81 12 29
81 13 37
81 16 23
81 21 5
81 26 26
81 29 13
81 31 19
81 32 40
81 43 8
81 54 5
81 58 41
81 70 18
81 78 39
81 79 20
82 0 13
82 24 19
82 46 29
82 54 0
82 81 16
83 15 31
83 23 28
83 24 5
83 44 16
83 48 14
83 63 20
83 72 29
84 4 29
84 8 5
84 57 14
84 60 14
84 62 31
84 78 2
85 11 8
85 36 33
85 38 40
85 63 33
85 70 24
85 72 21
85 76 30
85 84 9
85 85 12
86 2 39
86 6 12
86 7 18
86 16 20
86 31 18
86 35 42
86 48 7
86 65 16
86 66 35
86 73 25
86 76 39
87 13 6
87 44 11
87 57 5
87 66 26
87 70 0
87 78 7
87 79 38
87 84 3
88 0 37
88 15 15
88 64 24
88 84 13
88 87 8
89 4 22
89 13 37
89 21 7
89 24 25
89 26 42
89 27 40
89 37 2
89 47 2
89 57 38
89 58 32
89 61 22
89 67 11
89 71 40
89 74 24
89 85 15
90 4 37
90 6 19
90 7 33
90 9 12
90 17 17
90 38 42
90 41 12
90 42 5
90 44 4
90 45 12
90 47 28
90 62 23
90 64 23
90 88 25
91 6 42
91 10 32
91 21 41
91 25 16
91 35 12
91 36 37
91 48 38
91 66 32
91 77 25
91 87 31
92 16 29
92 27 33
92 41 4
92 43 2
92 44 35
92 59 13
92 75 11
92 86 26
92 92 23
93 0 35
93 3 0
93 33 32
93 55 6
93 71 3
93 83 15
94 21 19
94 24 37
94 68 28
94 69 38
94 73 18
94 76 28
94 80 12
94 88 15
95 10 28
95 14 31
95 24 18
95 29 3
95 36 10
95 69 0
95 70 10
95 84 22
95 85 10
96 16 14
96 18 25
96 36 2
96 44 4
96 60 20
96 67 40
96 76 21
96 79 3
96 80 40
96 85 26
97 2 32
97 6 3
97 27 41
97 60 1
97 64 35
97 80 28
98 0 21
98 37 0
98 48 24
98 54 22
98 59 16
98 66 24
98 91 22
98 92 26
98 97 34
99 2 40
99 29 11
99 42 22
99 49 38
99 63 18
99 69 38
99 70 24
99 84 31
99 93 38
99 98 32
