100 505
1 0 0
2 1 26
2 2 11
6 0 36
8 6 22
11 0 40
11 2 13
13 12 41
14 5 1
14 11 32
15 4 27
15 6 37
16 2 21
16 13 41
17 10 17
17 13 1
18 4 15
18 11 2
19 6 42
19 9 23
19 11 42
20 0 41
20 8 25
20 15 31
21 0 38
21 2 12
21 12 37
21 13 18
22 11 13
22 17 5
22 19 38
22 21 11
23 12 26
23 13 2
23 14 31
23 21 13
23 23 14
25 8 31
26 26 28
27 12 32
27 13 35
27 22 1
27 24 9
28 18 27
29 4 28
29 9 25
29 13 16
29 15 25
29 22 15
29 24 24
30 16 38
30 21 41
30 23 19
31 25 22
32 6 42
32 14 19
32 24 31
32 30 13
32 32 36
33 12 25
34 10 20
34 19 11
34 26 15
35 12 25
36 3 38
36 5 38
36 17 5
36 30 41
37 22 20
37 24 14
38 2 24
38 9 42
39 7 24
39 11 36
39 20 5
39 34 4
40 7 12
40 36 19
41 29 14
41 39 26
42 5 32
42 6 16
42 24 20
42 25 42
42 27 29
42 29 35
42 34 2
42 36 3
43 5 19
43 15 41
43 26 9
43 31 11
43 33 25
43 37 4
43 40 4
43 41 7
44 19 31
45 3 31
45 10 31
45 22 8
45 29 1
46 10 9
46 15 41
46 30 24
46 36 9
47 5 19
47 10 38
47 23 18
48 17 16
48 24 26
48 27 4
48 30 7
48 33 1
49 20 19
49 32 34
50 11 15
50 14 33
50 16 19
50 24 33
50 30 4
50 42 12
51 3 15
51 11 28
51 19 36
51 24 24
51 34 8
51 36 11
52 6 27
52 9 11
52 26 35
52 27 25
52 46 8
52 48 27
53 6 21
53 26 41
53 42 21
53 52 2
53 53 24
54 26 35
54 36 23
54 40 29
54 44 37
54 47 21
55 1 18
55 14 40
55 28 9
56 1 15
56 4 12
56 15 20
56 17 0
56 24 6
56 38 38
56 54 24
57 12 23
57 41 21
57 46 26
58 11 34
58 13 16
58 30 35
59 3 12
59 7 1
59 16 5
59 17 23
59 23 6
59 45 41
60 7 2
60 10 39
60 12 0
60 18 28
60 20 18
60 21 39
60 32 25
60 34 16
60 35 37
60 41 35
60 53 33
61 4 26
61 13 7
61 22 0
61 26 29
61 30 35
61 40 11
61 52 14
62 3 11
62 28 2
62 32 7
62 41 27
63 1 40
63 46 29
63 62 21
64 15 2
64 16 41
64 25 24
64 38 21
64 55 26
64 58 22
64 62 10
65 18 39
65 26 19
65 35 6
65 41 12
65 43 36
65 46 32
65 47 9
66 7 27
66 24 1
66 35 40
66 36 35
66 38 29
66 49 31
66 64 17
67 6 35
67 7 39
67 11 42
67 13 31
67 27 5
67 30 8
67 45 40
67 63 26
68 2 30
68 20 41
68 27 13
68 47 34
68 48 8
68 60 0
69 12 26
69 40 0
69 46 17
70 1 3
70 12 3
70 22 28
70 28 31
70 49 25
70 57 32
70 60 0
71 10 40
71 11 25
71 19 23
71 44 10
71 52 34
71 53 22
71 55 33
71 65 25
71 70 29
72 2 19
72 16 14
72 26 28
72 29 30
72 36 11
72 41 27
72 45 40
72 46 1
72 58 27
73 0 2
73 2 25
73 7 6
73 12 27
73 25 0
73 29 37
73 35 26
73 37 42
73 49 20
73 53 10
73 60 12
74 1 35
74 15 40
74 19 13
74 28 27
74 38 34
74 60 22
74 62 26
74 64 36
74 65 2
74 66 5
74 71 18
75 9 31
75 15 16
75 19 7
75 20 12
75 24 17
75 30 3
75 32 34
75 43 19
75 59 11
76 24 18
76 36 41
76 37 22
76 50 19
76 75 1
77 5 37
77 35 25
77 57 4
77 65 7
77 69 28
78 2 9
78 14 22
78 23 12
78 38 23
78 40 16
78 52 1
78 62 19
78 66 27
79 9 25
79 15 38
79 25 22
79 29 6
79 31 11
79 33 8
79 34 32
79 39 36
79 61 26
79 75 39
79 76 33
80 0 1
80 6 12
80 7 36
80 26 30
80 29 22
80 39 6
80 41 41
80 55 19
80 66 3
81 3 9
81 7 19
81 19 20
81 32 18
81 45 26
81 51 4
81 59 3
81 63 7
81 64 4
81 77 10
82 6 18
82 9 40
82 15 12
82 35 13
82 36 1
82 41 24
82 54 36
82 55 27
82 57 17
83 5 24
83 19 39
83 44 18
83 45 18
83 47 0
83 76 4
83 77 30
83 79 34
83 82 42
84 0 30
84 35 3
84 38 13
84 53 33
84 55 23
84 69 35
84 71 22
85 6 9
85 30 8
85 35 10
85 36 20
85 38 15
85 64 41
85 79 9
86 5 5
86 12 17
86 33 21
86 44 36
86 45 20
86 48 16
86 56 40
86 64 29
86 80 15
86 81 15
87 1 23
87 23 10
87 26 34
87 35 25
87 38 40
87 40 3
87 42 26
87 45 39
87 53 27
87 64 12
87 69 8
88 9 27
88 20 42
88 21 8
88 25 7
88 27 0
88 28 18
88 31 20
88 36 7
88 43 27
88 45 36
88 74 30
88 80 25
89 5 19
89 20 33
89 21 3
89 36 13
89 37 21
89 48 20
89 52 1
89 66 21
90 10 40
90 21 7
90 31 28
90 32 16
90 42 14
90 45 25
90 47 30
90 49 38
90 54 13
90 57 40
90 63 15
90 69 9
90 74 34
90 76 35
90 79 42
90 81 0
91 1 36
91 16 4
91 17 41
91 22 5
91 27 25
91 39 38
91 43 0
91 44 41
91 65 15
91 86 33
92 38 21
92 48 39
92 81 41
93 1 27
93 7 15
93 24 7
93 28 19
93 42 19
93 46 38
93 52 12
93 62 23
93 64 22
93 68 41
93 69 1
93 73 17
94 0 12
94 3 22
94 9 19
94 20 22
94 37 32
94 50 29
94 51 33
94 67 34
94 76 40
94 78 32
94 84 26
95 1 37
95 5 23
95 11 2
95 17 11
95 19 3
95 21 40
95 29 37
95 36 0
95 43 38
95 46 12
95 74 19
96 2 8
96 8 3
96 12 3
96 20 22
96 27 23
96 33 29
96 35 22
96 42 32
96 55 8
96 65 6
96 78 28
96 82 35
96 91 36
96 92 1
97 21 2
97 26 0
97 29 16
97 44 11
97 46 7
97 64 40
98 9 40
98 24 32
98 33 4
98 46 33
98 68 5
98 71 2
98 75 17
98 88 37
99 12 11
99 33 36
99 47 3
99 56 32
99 67 16
99 69 31
99 81 41
99 86 31
99 93 23
