100 505
2 2 5
3 2 21
4 3 18
8 4 42
9 4 38
11 0 39
11 6 1
12 6 28
12 8 20
12 10 32
13 3 15
13 6 31
13 11 30
14 8 6
15 7 13
16 4 7
16 8 0
16 13 37
17 1 28
17 16 17
18 6 37
19 3 41
20 0 36
20 6 15
20 13 28
21 5 15
21 15 7
22 19 10
22 21 36
23 19 39
23 23 35
24 4 36
24 10 39
24 22 15
25 5 40
25 21 37
27 21 3
27 26 38
28 3 40
28 5 38
28 13 42
29 3 16
29 11 0
29 12 5
29 18 11
29 21 10
29 22 24
30 2 33
30 18 31
31 14 26
31 31 30
32 7 3
32 19 7
33 2 15
33 13 24
33 29 29
34 5 15
34 15 18
34 23 39
34 26 9
34 28 9
35 24 34
35 26 3
35 34 40
36 8 13
36 17 25
37 0 16
37 6 36
37 11 40
37 19 5
38 10 5
38 12 25
38 15 1
38 30 8
39 12 28
39 22 17
39 25 13
40 4 6
40 7 16
40 10 26
40 17 23
40 20 16
40 29 1
40 33 38
40 39 25
41 2 14
41 10 7
41 13 17
41 15 41
41 18 6
41 22 38
41 26 17
41 35 30
41 41 17
42 17 21
42 32 6
43 4 37
43 16 41
43 33 24
43 34 17
43 35 30
44 5 9
44 17 13
44 34 41
44 37 32
44 42 18
45 1 26
45 22 33
45 24 11
45 29 9
45 38 31
46 9 2
46 13 23
46 18 16
46 23 28
46 33 2
47 0 25
47 3 20
47 14 6
47 34 24
47 46 22
48 3 22
48 5 23
48 31 24
48 44 32
49 2 28
49 17 38
49 30 29
49 40 27
49 46 12
49 47 39
50 10 34
50 24 27
50 27 4
50 29 31
50 32 29
50 33 14
50 43 28
50 46 5
51 5 18
51 9 21
51 12 3
51 20 13
51 28 35
51 30 25
51 33 28
51 45 30
52 3 18
52 19 20
52 30 36
52 35 24
53 1 11
53 8 12
53 23 26
53 41 11
53 45 10
53 46 15
53 47 4
53 48 39
53 49 36
54 2 2
54 12 15
54 20 30
54 22 8
54 36 12
54 40 31
54 46 31
54 50 14
54 53 31
55 32 20
55 49 21
56 21 5
56 39 33
56 43 2
57 7 38
57 26 34
57 37 16
57 38 15
57 47 10
57 48 11
57 50 15
57 51 19
57 57 38
58 4 14
58 27 16
58 47 21
59 1 41
59 19 0
59 23 15
59 26 3
59 28 0
59 33 12
59 41 2
60 3 11
60 26 14
60 48 39
60 56 42
61 8 8
61 11 15
61 14 25
61 33 6
61 48 28
62 0 0
62 12 37
62 33 38
62 46 33
63 7 11
63 21 26
63 31 38
63 39 15
64 4 11
64 8 41
64 13 4
64 21 8
64 33 8
64 39 10
64 49 41
65 2 14
65 7 23
65 13 37
65 22 30
65 26 36
65 29 6
65 32 13
65 46 16
65 50 35
65 58 19
66 14 26
66 30 15
66 37 5
66 42 6
66 62 20
67 2 26
67 9 42
67 25 39
67 50 15
67 59 17
68 26 31
68 31 42
68 44 16
69 8 7
69 11 3
69 17 3
69 23 25
69 50 32
69 53 40
69 64 7
69 68 38
70 2 9
70 5 28
70 22 23
70 39 21
70 46 23
70 50 28
70 60 38
70 61 10
70 63 17
71 7 21
71 13 31
71 17 39
71 23 36
71 28 42
71 42 0
71 56 21
72 0 7
72 28 41
72 51 0
72 58 27
72 71 22
73 19 2
73 20 13
73 34 7
73 44 39
73 46 9
73 49 1
74 5 27
74 26 12
74 33 0
74 41 39
74 53 26
74 61 11
74 72 16
75 7 17
75 11 15
75 12 27
75 17 36
75 24 3
75 25 31
75 30 10
75 56 1
75 68 35
76 9 8
76 11 25
76 24 28
76 41 13
76 59 25
77 1 21
77 5 15
77 25 27
77 32 14
77 38 28
77 42 38
77 44 30
77 62 34
77 69 9
77 74 4
77 75 18
78 11 41
78 12 13
78 26 28
78 27 16
78 44 36
78 45 18
78 50 41
78 53 16
78 59 20
78 67 36
78 70 35
78 76 23
79 2 26
79 7 40
79 8 37
79 32 41
79 50 19
79 66 15
79 73 12
79 75 7
80 3 37
80 5 18
80 6 22
80 14 5
80 17 12
80 24 26
80 48 16
80 68 35
81 0 41
81 5 39
81 6 0
81 13 37
81 14 17
81 20 38
81 49 0
81 59 1
81 67 3
81 71 17
81 73 39
82 17 26
82 27 15
82 33 20
82 35 7
82 39 20
82 64 28
82 73 19
82 74 13
83 3 30
83 10 23
83 15 31
83 35 14
83 40 32
83 62 28
83 78 33
84 2 30
84 39 29
84 50 37
84 65 0
84 74 4
84 81 12
85 1 35
85 7 34
85 13 29
85 22 36
85 27 13
85 44 2
85 49 25
85 60 31
85 61 2
85 67 12
86 14 18
86 17 28
86 23 4
86 53 20
86 60 15
86 73 36
86 75 24
86 76 23
87 3 15
87 11 23
87 23 30
87 49 1
87 50 41
87 53 10
87 60 12
87 61 30
87 84 13
88 2 34
88 9 6
88 20 23
88 42 34
88 52 16
88 61 34
88 70 28
88 71 5
88 82 36
89 12 5
89 39 28
89 41 34
89 51 21
89 79 41
89 82 13
90 9 8
90 11 8
90 17 16
90 24 23
90 50 38
90 57 25
90 59 6
90 69 18
90 73 3
90 80 11
90 81 26
91 0 28
91 32 11
91 36 9
91 40 41
91 48 3
91 52 3
91 64 14
91 65 28
91 66 35
91 76 26
91 84 17
91 87 21
92 2 6
92 9 0
92 15 7
92 37 19
92 49 2
92 81 22
93 7 18
93 12 10
93 17 13
93 72 39
93 83 14
93 87 17
93 88 32
94 14 24
94 15 27
94 18 8
94 22 2
94 24 26
94 27 33
94 32 36
94 35 13
94 41 11
94 54 37
94 56 35
94 60 31
94 70 1
94 71 10
94 91 37
95 10 22
95 11 9
95 33 39
95 35 8
95 38 27
95 57 23
95 67 23
95 80 34
95 86 13
95 88 34
96 24 10
96 43 21
96 45 3
96 47 33
96 48 36
96 54 19
96 59 33
96 60 19
96 65 33
96 77 3
96 79 30
96 80 19
96 88 19
96 93 27
97 14 29
97 20 1
97 31 34
97 50 14
97 53 27
97 62 29
97 67 9
97 76 26
98 6 10
98 10 29
98 13 20
98 23 42
98 27 20
98 59 6
98 78 15
98 86 34
99 23 19
99 46 21
99 53 32
99 57 10
99 64 12
